# table produced by mapDamage version 2.2.1
# using mapped file /projects/mjolnir1/people/pzx702/wildebeest/paleomix/competitive_mapping/SRR27955277/BWD_HiC/SRR27955277_trim_Mut.BWD_HiC-Human.bam and /projects/mjolnir1/people/pzx702/wildebeest/refgenomes/BWD_HiC.chr_Human_fossilMito.fasta as reference file
# Bases with a Phred score < 20 were filtered out
# Chr: reference from sam/bam header, End: from which termini of DNA sequences, Std: strand of reads
Chr	End	Std	Pos	A	C	G	T	Total	G>A	C>T	A>G	T>C	A>C	A>T	C>G	C>A	T>G	T>A	G>C	G>T	A>-	T>-	C>-	G>-	->A	->T	->C	->G	S
*	3p	+	1	21216592	13660793	14791915	20845790	70515090	80511	4863547	101444	44627	12557	53791	18265	33136	24537	34318	13289	41132	0	0	0	0	0	0	0	0	0
*	3p	+	2	21224526	13794662	14676784	20703204	70399176	71375	1938427	84763	50410	14483	30082	15769	23443	22842	24805	14727	37283	0	0	0	0	0	1	0	0	0
*	3p	+	3	21222551	13842241	14592973	20670616	70328381	66451	835013	74238	52061	14195	20939	15184	19440	22096	19861	15817	36197	0	0	1	0	12	18	10	16	0
*	3p	+	4	21323713	13878709	14573382	20652383	70428187	62782	414475	67658	52219	13795	16899	14024	17327	20266	17121	15665	34926	1	3	3	7	89	111	94	98	0
*	3p	+	5	21298946	13903848	14534277	20732281	70469352	60719	252497	62819	52056	13417	15284	13506	16198	18699	15537	14920	34334	49	65	53	76	377	382	281	281	0
*	3p	+	6	21260204	13938172	14452263	20787520	70438159	59998	190788	60637	52590	13318	14768	13764	15622	19517	15075	15559	34018	267	308	258	211	1199	1139	882	1011	0
*	3p	+	7	21160091	13962828	14428461	20812273	70363653	59724	166184	59699	53079	13670	15278	14111	15515	21762	15631	16498	35404	872	883	660	675	1487	1506	1044	1194	0
*	3p	+	8	21171329	14052435	14439910	20835522	70499196	59038	157792	58446	53153	13433	14984	13422	15380	19799	15596	16054	35049	1143	1169	824	923	1841	1737	1207	1297	0
*	3p	+	9	21229258	14180980	14575882	20918094	70904214	57453	154126	56188	50654	12419	12942	10955	14641	13817	12937	12912	32398	1565	1484	1053	1026	2067	2055	1236	1283	0
*	3p	+	10	21186641	14171342	14573727	20783778	70715488	57947	153533	57176	51773	13120	14591	12524	14865	17178	14490	14837	34168	1858	1830	1115	1110	2326	2261	1311	1364	0
*	3p	+	11	21227416	14170642	14714525	20798930	70911513	57790	151556	55718	50494	12649	12895	11012	14502	13854	13230	13177	32615	2153	2096	1264	1230	2468	2444	1358	1425	0
*	3p	+	12	21283888	14053019	14752523	20811902	70901332	57453	150811	55816	50933	12669	13356	11218	14705	14622	13191	13588	33057	2418	2299	1272	1404	2776	2642	1362	1473	0
*	3p	+	13	21431515	14018466	14726576	20854002	71030559	57930	150425	55459	50054	12688	12785	10509	14385	13184	12867	12531	32711	2589	2428	1426	1399	2983	2743	1349	1495	0
*	3p	+	14	21417647	14025517	14669878	20802041	70915083	57261	149925	55435	50622	12520	12562	10682	14541	13093	12675	12869	32419	2885	2729	1448	1388	3280	2962	1384	1587	0
*	3p	+	15	21383868	14002364	14620577	20931587	70938396	57046	150462	54979	50068	12595	12740	10245	14353	13132	13061	12584	32200	3152	2949	1501	1474	3626	3287	1433	1611	0
*	3p	+	16	21466741	14001798	14541655	21022099	71032293	56960	150597	55202	50290	12611	12456	9992	14325	12781	12922	12365	31680	3373	3253	1456	1568	4011	3697	1459	1674	0
*	3p	+	17	21431689	14122515	14579871	20941488	71075563	56932	150282	54874	50362	12788	12436	10208	14307	12987	12835	12464	31514	3659	3461	1502	1574	4275	3935	1405	1613	0
*	3p	+	18	21308707	14166736	14512785	21063494	71051722	56414	151235	54612	51124	12604	12503	10203	14356	13152	12766	12780	31897	3979	3851	1464	1681	4361	4222	1454	1612	0
*	3p	+	19	21349845	14137011	14553120	21000756	71040732	57031	151169	54608	50439	12474	12724	10340	14525	13002	12846	12522	32177	4229	4106	1583	1692	4594	4542	1475	1673	0
*	3p	+	20	21398132	14150755	14673507	20832427	71054821	57128	151135	54915	50435	12424	12608	10091	14543	12982	12982	12768	32063	4443	4459	1653	1582	4923	4613	1507	1718	0
*	3p	+	21	21362018	14117550	14754968	20830743	71065279	57456	149838	54854	50436	12395	12504	10139	14459	13015	12928	12623	32620	4638	4509	1614	1660	5065	4955	1540	1767	0
*	3p	+	22	21387803	14038216	14778620	20977967	71182606	57157	150020	54982	50108	12531	12446	9960	14245	12646	12744	12343	32112	4737	4705	1544	1725	5183	5128	1534	1721	0
*	3p	+	23	21441762	14055960	14671857	20995935	71165514	56897	150554	54917	50132	12492	12972	9716	14429	12692	12615	12487	32221	4811	4864	1650	1669	5044	5055	1514	1795	0
*	3p	+	24	21571715	14010802	14586618	21003747	71172882	56913	150176	55152	50514	12613	12573	9744	14494	12457	12895	12439	32099	4934	4914	1655	1682	5174	5289	1558	1621	0
*	3p	+	25	21690877	13946000	14537587	20989160	71163624	57007	149925	54772	50212	12602	12777	9942	14410	12618	12827	12450	31981	4934	4989	1625	1693	5350	5234	1459	1745	0
*	3p	+	26	21576063	13999612	14526219	21084363	71186257	56990	150208	54704	50352	12410	12483	9898	14449	12436	12784	12366	32032	5194	4928	1640	1755	5325	5176	1464	1761	0
*	3p	+	27	21645421	13975573	14358684	21074325	71054003	56697	150235	54551	50189	12388	12653	9900	14437	12833	12701	12403	31877	5207	5139	1576	1695	5528	5287	1500	1737	0
*	3p	+	28	21453441	14146567	14401865	21063492	71065365	56483	151438	54322	50385	12764	13116	9926	14491	12503	12864	12561	31995	5265	5182	1554	1747	5539	5497	1531	1714	0
*	3p	+	29	21342937	14174076	14470299	21097274	71084586	56750	151854	54661	50511	12419	12861	9966	14445	12590	12788	12371	32373	5328	5226	1559	1727	5620	5412	1527	1741	0
*	3p	+	30	21321892	14144392	14537539	21109207	71113030	56549	151437	54319	50914	12566	12641	10125	14589	12611	12919	12334	32177	5192	5193	1615	1690	5550	5564	1521	1697	0
*	3p	+	31	21271415	14109405	14583835	21147196	71111851	56755	151447	54253	50828	12563	12861	10104	14544	12679	12948	12851	32638	5282	5216	1537	1705	5625	5552	1540	1717	0
*	3p	+	32	21152141	14060334	14513058	21409049	71134582	56109	150938	54404	51260	12510	12591	10004	14373	12854	13205	12791	32596	5257	5132	1579	1642	5386	5765	1552	1740	0
*	3p	+	33	21399391	13906734	14350698	21491034	71147857	56718	149695	55103	51124	12602	13195	9772	14589	12946	12993	12551	32315	5118	5104	1542	1733	5378	5767	1526	1781	0
*	3p	+	34	21599723	13936705	14397065	21205352	71138845	57327	150084	55575	50971	12835	13279	9847	14490	12994	13727	12627	32301	4824	5210	1449	1544	5451	5841	1534	1800	0
*	3p	+	35	22033673	14007131	14327037	20794244	71162085	59197	150941	57331	50927	13656	14056	10697	14972	13383	14927	12566	32802	4486	5115	1391	1411	5399	5604	1535	1790	0
*	3p	+	36	21578988	15044822	13704268	20851986	71180064	58611	164455	57321	53775	14840	15344	11250	16214	13746	17700	12948	32998	4007	4363	1301	1299	4741	4900	1674	1646	0
*	3p	+	37	21709104	14705843	14197426	20550352	71162725	64875	181987	63521	53862	16296	19605	12921	18125	15217	24783	13021	37362	3092	3331	1114	1011	3099	3096	1124	1013	0
*	3p	+	38	21553001	13644735	14712955	21189262	71099953	76144	275378	77607	56179	20448	31725	15705	23576	19388	43896	13547	48463	1518	1490	550	502	1358	1623	554	532	0
*	3p	+	39	22799710	12783426	17848246	17620643	71052025	121789	763497	133453	53822	31583	67014	23525	44334	26344	78492	16823	87072	409	487	187	138	513	411	171	189	0
*	3p	+	40	21069798	13098778	16936237	19959864	71064677	188236	3628395	246797	66033	44232	168205	44356	143046	47387	201783	24929	154271	7	15	4	4	12	14	6	2	0
*	3p	+	41	79680	42516	55354	72616	250166	701	8880	947	382	206	702	238	480	269	747	125	530	4	0	0	0	1	2	0	0	0
*	3p	+	42	22078	10847	15784	19515	68224	114	1718	162	51	25	118	27	89	37	116	20	102	0	0	0	0	0	0	0	0	0
*	3p	+	43	5028	2049	3669	4882	15628	0	0	0	0	0	0	0	0	0	0	0	0	0	0	0	0	0	0	0	0	0
*	3p	+	44	0	0	0	0	0	0	0	0	0	0	0	0	0	0	0	0	0	0	0	0	0	0	0	0	0	0
*	3p	+	45	0	0	0	0	0	0	0	0	0	0	0	0	0	0	0	0	0	0	0	0	0	0	0	0	0	0
*	3p	+	46	0	0	0	0	0	0	0	0	0	0	0	0	0	0	0	0	0	0	0	0	0	0	0	0	0	0
*	3p	+	47	0	0	0	0	0	0	0	0	0	0	0	0	0	0	0	0	0	0	0	0	0	0	0	0	0	0
*	3p	+	48	0	0	0	0	0	0	0	0	0	0	0	0	0	0	0	0	0	0	0	0	0	0	0	0	0	0
*	3p	+	49	0	0	0	0	0	0	0	0	0	0	0	0	0	0	0	0	0	0	0	0	0	0	0	0	0	0
*	3p	+	50	0	0	0	0	0	0	0	0	0	0	0	0	0	0	0	0	0	0	0	0	0	0	0	0	0	0
*	3p	+	51	0	0	0	0	0	0	0	0	0	0	0	0	0	0	0	0	0	0	0	0	0	0	0	0	0	0
*	3p	+	52	0	0	0	0	0	0	0	0	0	0	0	0	0	0	0	0	0	0	0	0	0	0	0	0	0	0
*	3p	+	53	0	0	0	0	0	0	0	0	0	0	0	0	0	0	0	0	0	0	0	0	0	0	0	0	0	0
*	3p	+	54	0	0	0	0	0	0	0	0	0	0	0	0	0	0	0	0	0	0	0	0	0	0	0	0	0	0
*	3p	+	55	0	0	0	0	0	0	0	0	0	0	0	0	0	0	0	0	0	0	0	0	0	0	0	0	0	0
*	3p	+	56	0	0	0	0	0	0	0	0	0	0	0	0	0	0	0	0	0	0	0	0	0	0	0	0	0	0
*	3p	+	57	0	0	0	0	0	0	0	0	0	0	0	0	0	0	0	0	0	0	0	0	0	0	0	0	0	0
*	3p	+	58	0	0	0	0	0	0	0	0	0	0	0	0	0	0	0	0	0	0	0	0	0	0	0	0	0	0
*	3p	+	59	0	0	0	0	0	0	0	0	0	0	0	0	0	0	0	0	0	0	0	0	0	0	0	0	0	0
*	3p	+	60	0	0	0	0	0	0	0	0	0	0	0	0	0	0	0	0	0	0	0	0	0	0	0	0	0	0
*	3p	+	61	0	0	0	0	0	0	0	0	0	0	0	0	0	0	0	0	0	0	0	0	0	0	0	0	0	0
*	3p	+	62	0	0	0	0	0	0	0	0	0	0	0	0	0	0	0	0	0	0	0	0	0	0	0	0	0	0
*	3p	+	63	0	0	0	0	0	0	0	0	0	0	0	0	0	0	0	0	0	0	0	0	0	0	0	0	0	0
*	3p	+	64	0	0	0	0	0	0	0	0	0	0	0	0	0	0	0	0	0	0	0	0	0	0	0	0	0	0
*	3p	+	65	0	0	0	0	0	0	0	0	0	0	0	0	0	0	0	0	0	0	0	0	0	0	0	0	0	0
*	3p	+	66	0	0	0	0	0	0	0	0	0	0	0	0	0	0	0	0	0	0	0	0	0	0	0	0	0	0
*	3p	+	67	0	0	0	0	0	0	0	0	0	0	0	0	0	0	0	0	0	0	0	0	0	0	0	0	0	0
*	3p	+	68	0	0	0	0	0	0	0	0	0	0	0	0	0	0	0	0	0	0	0	0	0	0	0	0	0	0
*	3p	+	69	0	0	0	0	0	0	0	0	0	0	0	0	0	0	0	0	0	0	0	0	0	0	0	0	0	0
*	3p	+	70	0	0	0	0	0	0	0	0	0	0	0	0	0	0	0	0	0	0	0	0	0	0	0	0	0	0
*	3p	-	1	21191827	13650706	14789706	20866457	70498696	81114	4860123	101592	45266	12432	53892	18604	33148	24658	34398	13035	41330	0	0	0	0	0	0	0	0	8
*	3p	-	2	21208574	13783067	14674828	20718266	70384735	71489	1933706	84317	50254	14458	30156	16029	23540	22420	24929	14784	37888	0	0	0	0	225	222	69	102	8
*	3p	-	3	21208623	13837225	14591006	20674304	70311158	66224	834448	73957	51618	14213	21078	15146	19252	21966	19735	15918	36692	131	91	48	45	834	795	219	310	1
*	3p	-	4	21310225	13867821	14578773	20648883	70405702	62938	413894	67543	51602	13792	16961	14105	17572	20410	16936	15493	35312	488	420	151	144	2130	2026	588	707	0
*	3p	-	5	21276404	13892496	14536313	20742218	70447431	60737	251829	63231	51435	13390	15032	13212	16047	18663	15274	14969	34249	1574	1387	447	441	3128	3161	846	1052	0
*	3p	-	6	21231999	13933460	14458795	20793679	70417933	59412	190132	60430	52642	13276	14869	13585	15575	19604	15082	15144	34295	2771	2449	739	847	4001	4062	1261	1439	0
*	3p	-	7	21142538	13959154	14422512	20817688	70341892	59818	166442	59644	53478	13581	15388	14103	15446	21567	15625	16376	35041	3542	3431	1082	1211	4612	4485	1419	1675	0
*	3p	-	8	21150014	14045146	14443666	20839626	70478452	59168	158156	58348	53175	13461	15170	13524	15367	19575	15423	15874	34953	4194	3997	1274	1369	4739	4724	1438	1679	0
*	3p	-	9	21208545	14163539	14572054	20938488	70882626	57310	152771	55849	50820	12620	12717	11331	14369	13611	13169	13049	32498	4588	4322	1434	1533	5021	4917	1488	1724	0
*	3p	-	10	21156149	14167906	14580859	20789125	70694039	58595	153606	56757	52103	13030	14221	12655	14994	17197	14377	14714	34075	4838	4688	1464	1530	4971	5141	1530	1691	0
*	3p	-	11	21207827	14163477	14716333	20799015	70886652	58027	151864	55954	50541	12778	12880	10988	14441	13913	13203	13143	32293	5020	4792	1536	1578	5146	5270	1462	1685	0
*	3p	-	12	21261866	14035371	14760985	20820327	70878549	58117	150607	55695	50913	12918	13286	11322	14334	14591	13407	13375	33329	5135	5005	1575	1602	5387	5351	1448	1637	0
*	3p	-	13	21415216	14005581	14730694	20854959	71006450	57807	149597	55418	50292	12563	12734	10593	14286	12999	12975	12664	32045	5183	5181	1524	1666	5289	5342	1421	1712	0
*	3p	-	14	21380653	14025425	14673150	20815997	70895225	57254	150045	54916	50599	12864	12677	10425	14375	13296	12947	12953	32393	5198	5063	1556	1621	5470	5285	1513	1690	0
*	3p	-	15	21354987	13998329	14619810	20942810	70915936	57181	149999	54655	50159	12415	12683	10439	14305	13199	13005	12588	32326	5309	5206	1654	1640	5436	5309	1469	1676	0
*	3p	-	16	21438784	13992142	14541516	21042220	71014662	56952	150850	54700	50388	12678	12644	10201	14192	12870	12840	12267	31425	5260	5198	1584	1688	5360	5465	1462	1742	0
*	3p	-	17	21402970	14117557	14576973	20957718	71055218	56824	151171	54841	50214	12695	12616	10115	14254	12738	12749	12186	31908	5224	5114	1606	1733	5397	5497	1511	1736	0
*	3p	-	18	21282391	14162449	14508454	21078825	71032119	56287	151080	54691	50651	12442	12703	10112	14531	13046	12868	12740	31978	5202	5187	1582	1732	5415	5557	1495	1704	0
*	3p	-	19	21319636	14136094	14549807	21017539	71023076	56710	151329	54789	50699	12519	12635	10278	14342	12904	13061	12593	32099	5152	5131	1612	1666	5521	5462	1487	1630	0
*	3p	-	20	21367106	14144805	14669272	20855291	71036474	57088	150870	55035	50409	12437	12319	10300	14283	12949	12778	12786	32152	5161	5202	1591	1712	5297	5450	1459	1737	0
*	3p	-	21	21339451	14113048	14757922	20840500	71050921	56638	150527	55057	50550	12539	12660	10220	14437	13203	12767	12370	32505	4986	5082	1602	1703	5296	5451	1501	1695	0
*	3p	-	22	21362872	14033182	14780548	20989139	71165741	57321	150425	54700	49913	12465	12549	10140	14280	12651	12805	12600	32233	4943	4948	1584	1678	5154	5173	1469	1630	0
*	3p	-	23	21406915	14054288	14671964	21018638	71151805	57257	150250	54441	50465	12621	12623	10006	14525	12536	12838	12465	31972	4631	4738	1563	1658	4924	4981	1473	1658	0
*	3p	-	24	21548820	13998311	14594067	21014746	71155944	56883	149718	54690	50367	12768	12453	9849	14294	12567	12725	12581	31887	4435	4383	1607	1664	4395	4623	1458	1593	0
*	3p	-	25	21672077	13930916	14541354	21004726	71149073	57060	149457	55119	50013	12511	12811	10039	14360	12499	12844	12296	32151	3991	4133	1481	1580	4144	4291	1446	1597	0
*	3p	-	26	21558138	13989259	14521630	21102607	71171634	56887	149836	54885	50250	12614	12551	10031	14363	12496	12741	12294	32060	3701	3777	1500	1658	3849	4074	1433	1627	0
*	3p	-	27	21628791	13963308	14358562	21090208	71040869	56769	149690	54946	50312	12599	12580	9763	14527	12818	12811	12430	31800	3404	3527	1518	1598	3387	3781	1408	1506	0
*	3p	-	28	21430995	14147936	14406056	21069064	71054051	56138	151545	54518	50483	12600	12921	9851	14507	12670	12887	12278	31544	3169	3177	1495	1618	3035	3296	1378	1511	0
*	3p	-	29	21310758	14167636	14475947	21120084	71074425	56774	152086	54577	50764	12530	12674	9755	14333	12628	12798	12461	31999	2888	2850	1382	1474	2777	2880	1366	1518	0
*	3p	-	30	21298989	14134775	14539191	21128809	71101764	56751	151060	54510	50828	12510	12833	9849	14580	12709	12785	12496	32281	2512	2563	1387	1483	2533	2788	1320	1495	0
*	3p	-	31	21246456	14105142	14585451	21164825	71101874	57112	150941	54527	50920	12644	12611	9908	14485	12843	12965	12520	32342	2231	2332	1371	1455	2372	2520	1342	1462	0
*	3p	-	32	21136863	14046001	14510428	21429725	71123017	56492	150659	54345	51426	12696	12857	9910	14126	12825	13208	12461	32246	2138	2109	1278	1313	2120	2375	1224	1391	0
*	3p	-	33	21381671	13900572	14352802	21504566	71139611	57171	149711	54627	51130	12756	13199	9872	14348	12961	13381	12504	32382	1916	1900	1103	1212	2063	2185	1321	1304	0
*	3p	-	34	21577796	13934680	14392400	21224495	71129371	57243	150267	55538	50370	13010	13499	10009	14593	13182	13981	12721	32746	1552	1639	1042	1096	1971	1960	1288	1350	0
*	3p	-	35	22014383	14004735	14323173	20812366	71154657	59360	150202	57456	50977	13360	14199	10387	15153	13425	14958	12561	32951	1333	1351	927	931	1804	1855	1309	1338	0
*	3p	-	36	21562426	15031944	13713463	20863000	71170833	58978	163988	57677	53968	14647	15162	11500	16101	13965	17585	12749	32782	1107	1067	808	838	1418	1508	1379	1164	0
*	3p	-	37	21684950	14697262	14204184	20565438	71151834	64979	181654	63534	53792	16371	19761	12957	18119	15333	24942	13317	37361	739	747	576	611	287	280	264	220	0
*	3p	-	38	21532661	13633841	14715986	21204516	71087004	75856	274665	78165	56531	20382	31907	15924	23829	19470	43952	13641	48015	72	75	80	81	23	34	29	35	0
*	3p	-	39	22780514	12776371	17850301	17630404	71037590	122093	762921	132849	54431	31993	67754	23903	43789	26755	79042	17088	86874	2	5	4	6	0	2	1	0	0
*	3p	-	40	21043885	13090607	16939226	19973933	71047651	188089	3627083	245802	66225	43972	167878	44565	142570	47794	202288	25071	154101	0	0	0	0	1	0	0	0	0
*	3p	-	41	79933	42500	55658	72722	250813	632	8692	1033	369	226	686	237	526	307	740	132	549	0	0	0	0	0	0	0	0	0
*	3p	-	42	21927	11004	15767	19641	68339	132	1791	164	46	33	106	23	70	40	122	14	87	0	0	0	0	0	0	0	0	0
*	3p	-	43	5020	2035	3665	4723	15443	0	0	0	0	0	0	0	0	0	0	0	0	0	0	0	0	0	0	0	0	0
*	3p	-	44	0	0	0	0	0	0	0	0	0	0	0	0	0	0	0	0	0	0	0	0	0	0	0	0	0	0
*	3p	-	45	0	0	0	0	0	0	0	0	0	0	0	0	0	0	0	0	0	0	0	0	0	0	0	0	0	0
*	3p	-	46	0	0	0	0	0	0	0	0	0	0	0	0	0	0	0	0	0	0	0	0	0	0	0	0	0	0
*	3p	-	47	0	0	0	0	0	0	0	0	0	0	0	0	0	0	0	0	0	0	0	0	0	0	0	0	0	0
*	3p	-	48	0	0	0	0	0	0	0	0	0	0	0	0	0	0	0	0	0	0	0	0	0	0	0	0	0	0
*	3p	-	49	0	0	0	0	0	0	0	0	0	0	0	0	0	0	0	0	0	0	0	0	0	0	0	0	0	0
*	3p	-	50	0	0	0	0	0	0	0	0	0	0	0	0	0	0	0	0	0	0	0	0	0	0	0	0	0	0
*	3p	-	51	0	0	0	0	0	0	0	0	0	0	0	0	0	0	0	0	0	0	0	0	0	0	0	0	0	0
*	3p	-	52	0	0	0	0	0	0	0	0	0	0	0	0	0	0	0	0	0	0	0	0	0	0	0	0	0	0
*	3p	-	53	0	0	0	0	0	0	0	0	0	0	0	0	0	0	0	0	0	0	0	0	0	0	0	0	0	0
*	3p	-	54	0	0	0	0	0	0	0	0	0	0	0	0	0	0	0	0	0	0	0	0	0	0	0	0	0	0
*	3p	-	55	0	0	0	0	0	0	0	0	0	0	0	0	0	0	0	0	0	0	0	0	0	0	0	0	0	0
*	3p	-	56	0	0	0	0	0	0	0	0	0	0	0	0	0	0	0	0	0	0	0	0	0	0	0	0	0	0
*	3p	-	57	0	0	0	0	0	0	0	0	0	0	0	0	0	0	0	0	0	0	0	0	0	0	0	0	0	0
*	3p	-	58	0	0	0	0	0	0	0	0	0	0	0	0	0	0	0	0	0	0	0	0	0	0	0	0	0	0
*	3p	-	59	0	0	0	0	0	0	0	0	0	0	0	0	0	0	0	0	0	0	0	0	0	0	0	0	0	0
*	3p	-	60	0	0	0	0	0	0	0	0	0	0	0	0	0	0	0	0	0	0	0	0	0	0	0	0	0	0
*	3p	-	61	0	0	0	0	0	0	0	0	0	0	0	0	0	0	0	0	0	0	0	0	0	0	0	0	0	0
*	3p	-	62	0	0	0	0	0	0	0	0	0	0	0	0	0	0	0	0	0	0	0	0	0	0	0	0	0	0
*	3p	-	63	0	0	0	0	0	0	0	0	0	0	0	0	0	0	0	0	0	0	0	0	0	0	0	0	0	0
*	3p	-	64	0	0	0	0	0	0	0	0	0	0	0	0	0	0	0	0	0	0	0	0	0	0	0	0	0	0
*	3p	-	65	0	0	0	0	0	0	0	0	0	0	0	0	0	0	0	0	0	0	0	0	0	0	0	0	0	0
*	3p	-	66	0	0	0	0	0	0	0	0	0	0	0	0	0	0	0	0	0	0	0	0	0	0	0	0	0	0
*	3p	-	67	0	0	0	0	0	0	0	0	0	0	0	0	0	0	0	0	0	0	0	0	0	0	0	0	0	0
*	3p	-	68	0	0	0	0	0	0	0	0	0	0	0	0	0	0	0	0	0	0	0	0	0	0	0	0	0	0
*	3p	-	69	0	0	0	0	0	0	0	0	0	0	0	0	0	0	0	0	0	0	0	0	0	0	0	0	0	0
*	3p	-	70	0	0	0	0	0	0	0	0	0	0	0	0	0	0	0	0	0	0	0	0	0	0	0	0	0	0
*	5p	+	1	21065498	13096975	16936059	19966331	71064863	188445	3636552	247194	66084	44234	168589	44414	143346	47429	202216	24935	154504	0	0	0	0	0	0	0	0	21
*	5p	+	2	22804302	12779648	17859508	17608623	71052081	121980	764890	133660	53827	31619	67161	23590	44390	26409	78607	16840	87210	0	0	0	0	501	411	168	183	20
*	5p	+	3	21552561	13642123	14714775	21190407	71099866	76176	275693	77700	56163	20477	31789	15719	23622	19429	43963	13564	48495	208	303	121	104	1351	1617	547	529	1
*	5p	+	4	21709132	14705738	14199362	20548465	71162697	64860	182044	63542	53869	16295	19618	12938	18114	15197	24769	13008	37394	905	942	372	382	3089	3074	1110	1004	0
*	5p	+	5	21576732	15048884	13703360	20851109	71180085	58622	164489	57333	53809	14837	15315	11274	16228	13758	17739	12961	32987	2295	2530	905	756	4755	4906	1679	1650	0
*	5p	+	6	22034623	14008352	14327855	20791217	71162047	59269	150927	57311	50853	13663	14098	10695	14996	13394	14953	12539	32813	3459	3638	1105	1044	5389	5619	1546	1785	0
*	5p	+	7	21600077	13938161	14397713	21202864	71138815	57292	150128	55590	50999	12866	13263	9855	14507	12987	13729	12635	32290	4079	4606	1265	1315	5464	5848	1531	1813	0
*	5p	+	8	21398830	13907559	14351214	21490366	71147969	56732	149703	55080	51083	12577	13155	9755	14591	12918	12984	12560	32312	4602	4946	1316	1364	5385	5759	1518	1772	0
*	5p	+	9	21150987	14061379	14513558	21408659	71134583	56106	150944	54399	51308	12488	12601	9998	14377	12870	13187	12780	32598	4926	5119	1469	1628	5383	5765	1557	1743	0
*	5p	+	10	21270253	14110123	14585008	21146494	71111878	56746	151439	54271	50863	12571	12857	10117	14531	12671	12968	12886	32641	5096	5100	1541	1644	5630	5551	1545	1712	0
*	5p	+	11	21321181	14145116	14538477	21108416	71113190	56557	151442	54304	50875	12579	12633	10116	14578	12595	12913	12319	32179	5234	5075	1544	1687	5541	5570	1522	1697	0
*	5p	+	12	21341285	14175323	14471805	21096454	71084867	56724	151878	54680	50516	12418	12861	9963	14448	12607	12799	12379	32369	5132	5163	1593	1686	5620	5416	1516	1739	0
*	5p	+	13	21452284	14147766	14402757	21062568	71065375	56527	151444	54328	50385	12775	13110	9939	14477	12520	12875	12548	32015	5242	5248	1617	1687	5542	5501	1537	1716	0
*	5p	+	14	21644883	13976562	14358901	21073448	71053794	56710	150258	54554	50214	12350	12697	9894	14456	12821	12664	12402	31870	5324	5222	1591	1717	5530	5285	1506	1749	0
*	5p	+	15	21574867	14000166	14526766	21083936	71185735	56964	150207	54669	50330	12440	12448	9898	14441	12418	12792	12373	32022	5256	5238	1497	1711	5328	5168	1462	1752	0
*	5p	+	16	21691084	13945975	14537730	20988733	71163522	57002	149926	54769	50207	12577	12793	9938	14436	12624	12826	12459	31988	5260	4896	1596	1697	5346	5232	1458	1745	0
*	5p	+	17	21571851	14010702	14586480	21003748	71172781	56927	150155	55146	50497	12611	12570	9752	14469	12479	12884	12436	32083	4982	4941	1652	1734	5168	5299	1559	1628	0
*	5p	+	18	21441979	14056024	14672005	20995641	71165649	56896	150536	54931	50119	12495	12973	9714	14450	12651	12581	12498	32261	5023	4983	1643	1703	5051	5053	1520	1792	0
*	5p	+	19	21387024	14038382	14778522	20978844	71182772	57136	150084	54951	50123	12527	12401	9956	14235	12657	12790	12312	32096	4877	5003	1658	1668	5181	5130	1525	1725	0
*	5p	+	20	21362073	14117178	14754990	20831195	71065436	57469	149808	54848	50412	12420	12552	10147	14469	13013	12862	12655	32603	4833	4753	1566	1734	5069	4944	1546	1766	0
*	5p	+	21	21398069	14150599	14673664	20832772	71055104	57122	151179	54933	50465	12407	12609	10082	14526	12991	13029	12744	32061	4709	4585	1563	1730	4924	4621	1507	1714	0
*	5p	+	22	21349748	14136626	14553298	21001079	71040751	57050	151098	54619	50452	12463	12720	10329	14528	12998	12846	12519	32159	4532	4626	1643	1620	4597	4534	1468	1671	0
*	5p	+	23	21309036	14166207	14512371	21064037	71051651	56394	151256	54619	51098	12596	12486	10213	14350	13152	12731	12798	31902	4357	4251	1664	1635	4360	4225	1459	1617	0
*	5p	+	24	21431864	14121924	14579675	20942252	71075715	56938	150261	54894	50347	12805	12453	10209	14308	13014	12873	12443	31540	4123	4030	1496	1694	4266	3942	1405	1612	0
*	5p	+	25	21467555	14001906	14540771	21022411	71032643	56975	150603	55144	50299	12606	12478	9996	14306	12750	12904	12387	31692	3841	3675	1524	1599	4002	3687	1458	1669	0
*	5p	+	26	21384791	14001345	14620110	20932360	70938606	57010	150426	54978	50090	12616	12691	10257	14370	13150	13087	12575	32193	3568	3388	1496	1592	3630	3291	1434	1612	0
*	5p	+	27	21417887	14024740	14668906	20803546	70915079	57280	149927	55458	50645	12492	12594	10659	14528	13084	12711	12873	32406	3322	3103	1479	1530	3289	2959	1384	1593	0
*	5p	+	28	21432616	14017469	14725150	20855068	71030303	57908	150402	55512	50051	12698	12780	10497	14377	13203	12812	12532	32720	2927	2810	1500	1481	2981	2743	1349	1494	0
*	5p	+	29	21285895	14051935	14751665	20812288	70901783	57459	150825	55784	50930	12655	13393	11237	14725	14615	13205	13556	33044	2739	2566	1457	1420	2766	2645	1368	1470	0
*	5p	+	30	21228258	14169387	14714011	20799898	70911554	57795	151555	55702	50517	12675	12886	11011	14483	13840	13259	13177	32617	2550	2414	1381	1444	2480	2443	1352	1425	0
*	5p	+	31	21188439	14170210	14573134	20784363	70716146	57941	153503	57180	51739	13116	14595	12516	14853	17192	14464	14848	34149	2320	2237	1312	1288	2328	2264	1313	1360	0
*	5p	+	32	21229621	14180344	14574927	20919017	70903909	57447	154167	56186	50687	12430	12951	10947	14673	13841	12966	12922	32412	2125	2042	1246	1249	2067	2051	1238	1283	0
*	5p	+	33	21172081	14052517	14439358	20836532	70500488	59042	157746	58421	53133	13409	14987	13421	15388	19777	15579	16060	35066	1899	1809	1201	1142	1835	1736	1204	1296	0
*	5p	+	34	21161486	13962443	14427392	20813374	70364695	59726	166160	59696	53074	13677	15296	14120	15491	21750	15629	16471	35347	1588	1543	1012	1128	1487	1499	1040	1189	0
*	5p	+	35	21260631	13937271	14452028	20788391	70438321	59974	190696	60620	52604	13327	14740	13764	15624	19506	15053	15575	34038	1128	1219	853	876	1220	1168	899	1031	0
*	5p	+	36	21299884	13902984	14533261	20732915	70469044	60701	252303	62809	52010	13429	15297	13475	16191	18694	15545	14909	34327	345	389	277	270	378	383	280	283	0
*	5p	+	37	21323966	13878186	14572603	20653518	70428273	62803	413988	67709	52229	13789	16907	14048	17316	20298	17154	15661	34953	69	86	62	86	91	111	95	98	0
*	5p	+	38	21223040	13842745	14592731	20670141	70328657	66425	833869	74212	52096	14203	20911	15142	19439	22066	19847	15820	36185	4	6	3	7	12	18	10	17	0
*	5p	+	39	21224267	13795320	14676167	20703052	70398806	71331	1934906	84682	50403	14491	30005	15778	23434	22873	24785	14736	37294	0	0	2	0	0	1	0	0	0
*	5p	+	40	21216020	13663534	14791037	20843727	70514318	80453	4855209	101430	44733	12559	53649	18268	33099	24495	34295	13318	41030	0	0	0	0	0	0	0	0	0
*	5p	+	41	77543	43980	48617	77504	247644	428	11974	487	227	132	382	125	190	184	226	78	279	0	0	0	0	0	0	0	0	0
*	5p	+	42	21540	11199	13454	21523	67716	76	2479	59	45	11	50	20	29	27	27	11	35	0	0	0	0	0	0	0	0	0
*	5p	+	43	5215	1899	3304	5109	15527	0	0	0	0	0	0	0	0	0	0	0	0	0	0	0	0	0	0	0	0	0
*	5p	+	44	0	0	0	0	0	0	0	0	0	0	0	0	0	0	0	0	0	0	0	0	0	0	0	0	0	0
*	5p	+	45	0	0	0	0	0	0	0	0	0	0	0	0	0	0	0	0	0	0	0	0	0	0	0	0	0	0
*	5p	+	46	0	0	0	0	0	0	0	0	0	0	0	0	0	0	0	0	0	0	0	0	0	0	0	0	0	0
*	5p	+	47	0	0	0	0	0	0	0	0	0	0	0	0	0	0	0	0	0	0	0	0	0	0	0	0	0	0
*	5p	+	48	0	0	0	0	0	0	0	0	0	0	0	0	0	0	0	0	0	0	0	0	0	0	0	0	0	0
*	5p	+	49	0	0	0	0	0	0	0	0	0	0	0	0	0	0	0	0	0	0	0	0	0	0	0	0	0	0
*	5p	+	50	0	0	0	0	0	0	0	0	0	0	0	0	0	0	0	0	0	0	0	0	0	0	0	0	0	0
*	5p	+	51	0	0	0	0	0	0	0	0	0	0	0	0	0	0	0	0	0	0	0	0	0	0	0	0	0	0
*	5p	+	52	0	0	0	0	0	0	0	0	0	0	0	0	0	0	0	0	0	0	0	0	0	0	0	0	0	0
*	5p	+	53	0	0	0	0	0	0	0	0	0	0	0	0	0	0	0	0	0	0	0	0	0	0	0	0	0	0
*	5p	+	54	0	0	0	0	0	0	0	0	0	0	0	0	0	0	0	0	0	0	0	0	0	0	0	0	0	0
*	5p	+	55	0	0	0	0	0	0	0	0	0	0	0	0	0	0	0	0	0	0	0	0	0	0	0	0	0	0
*	5p	+	56	0	0	0	0	0	0	0	0	0	0	0	0	0	0	0	0	0	0	0	0	0	0	0	0	0	0
*	5p	+	57	0	0	0	0	0	0	0	0	0	0	0	0	0	0	0	0	0	0	0	0	0	0	0	0	0	0
*	5p	+	58	0	0	0	0	0	0	0	0	0	0	0	0	0	0	0	0	0	0	0	0	0	0	0	0	0	0
*	5p	+	59	0	0	0	0	0	0	0	0	0	0	0	0	0	0	0	0	0	0	0	0	0	0	0	0	0	0
*	5p	+	60	0	0	0	0	0	0	0	0	0	0	0	0	0	0	0	0	0	0	0	0	0	0	0	0	0	0
*	5p	+	61	0	0	0	0	0	0	0	0	0	0	0	0	0	0	0	0	0	0	0	0	0	0	0	0	0	0
*	5p	+	62	0	0	0	0	0	0	0	0	0	0	0	0	0	0	0	0	0	0	0	0	0	0	0	0	0	0
*	5p	+	63	0	0	0	0	0	0	0	0	0	0	0	0	0	0	0	0	0	0	0	0	0	0	0	0	0	0
*	5p	+	64	0	0	0	0	0	0	0	0	0	0	0	0	0	0	0	0	0	0	0	0	0	0	0	0	0	0
*	5p	+	65	0	0	0	0	0	0	0	0	0	0	0	0	0	0	0	0	0	0	0	0	0	0	0	0	0	0
*	5p	+	66	0	0	0	0	0	0	0	0	0	0	0	0	0	0	0	0	0	0	0	0	0	0	0	0	0	0
*	5p	+	67	0	0	0	0	0	0	0	0	0	0	0	0	0	0	0	0	0	0	0	0	0	0	0	0	0	0
*	5p	+	68	0	0	0	0	0	0	0	0	0	0	0	0	0	0	0	0	0	0	0	0	0	0	0	0	0	0
*	5p	+	69	0	0	0	0	0	0	0	0	0	0	0	0	0	0	0	0	0	0	0	0	0	0	0	0	0	0
*	5p	+	70	0	0	0	0	0	0	0	0	0	0	0	0	0	0	0	0	0	0	0	0	0	0	0	0	0	0
*	5p	-	1	21039626	13088632	16939348	19980172	71047778	188230	3635162	246265	66220	44007	168242	44580	142859	47867	202688	25058	154331	0	0	0	0	0	0	0	0	0
*	5p	-	2	22785217	12772812	17861675	17617837	71037541	122209	764246	133055	54387	32026	67869	23963	43895	26831	79181	17105	86967	0	0	0	0	0	0	1	0	0
*	5p	-	3	21532066	13630902	14717569	21206408	71086945	75920	274957	78237	56529	20374	31925	15987	23832	19454	43953	13620	48052	0	1	0	0	20	34	27	33	0
*	5p	-	4	21684909	14697926	14205666	20563431	71151932	64989	181759	63568	53873	16380	19771	12971	18127	15345	24996	13353	37398	28	32	49	49	264	252	237	200	0
*	5p	-	5	21560404	15035862	13712547	20862072	71170885	58994	163998	57668	53952	14680	15207	11494	16135	13981	17619	12778	32816	553	588	482	527	1419	1511	1381	1163	0
*	5p	-	6	22015093	14006170	14324110	20809277	71154650	59420	150237	57475	50999	13347	14193	10378	15159	13420	14963	12560	32940	847	819	671	704	1806	1853	1321	1344	0
*	5p	-	7	21577764	13935942	14393163	21222467	71129336	57244	150279	55544	50372	13012	13532	10035	14590	13207	14004	12709	32712	1125	1125	820	792	1970	1975	1291	1355	0
*	5p	-	8	21381537	13901375	14353265	21503626	71139803	57162	149687	54607	51107	12783	13188	9869	14354	12955	13382	12506	32401	1354	1356	925	977	2066	2184	1312	1308	0
*	5p	-	9	21135478	14046707	14510798	21430248	71123231	56497	150691	54342	51444	12677	12860	9918	14137	12844	13207	12460	32270	1653	1634	1022	1091	2122	2368	1232	1385	0
*	5p	-	10	21245298	14106379	14586460	21163648	71101785	57146	150961	54537	50929	12648	12587	9920	14469	12808	12955	12514	32362	1891	2011	1162	1205	2372	2515	1338	1458	0
*	5p	-	11	21298295	14135558	14540739	21127492	71102084	56777	151069	54506	50818	12513	12841	9830	14593	12717	12791	12510	32270	2087	2182	1300	1376	2527	2788	1326	1493	0
*	5p	-	12	21309587	14168513	14476873	21119504	71074477	56735	152098	54561	50757	12541	12647	9758	14341	12613	12757	12445	31980	2375	2381	1315	1391	2782	2880	1362	1520	0
*	5p	-	13	21429656	14148826	14407107	21068412	71054001	56153	151603	54553	50487	12567	12914	9849	14511	12680	12912	12304	31576	2656	2660	1391	1448	3027	3298	1384	1515	0
*	5p	-	14	21627767	13964593	14358868	21088847	71040075	56767	149663	54944	50298	12585	12596	9767	14495	12822	12810	12437	31795	3033	3008	1424	1564	3399	3785	1401	1509	0
*	5p	-	15	21557648	13989507	14521994	21102465	71171614	56860	149836	54880	50200	12619	12562	10030	14368	12493	12710	12282	32050	3306	3340	1527	1586	3837	4065	1443	1625	0
*	5p	-	16	21671669	13931064	14542032	21004205	71148970	57098	149445	55094	50041	12534	12826	10054	14381	12494	12854	12297	32146	3571	3700	1488	1655	4160	4292	1438	1591	0
*	5p	-	17	21548859	13998430	14593797	21014865	71155951	56893	149724	54696	50366	12742	12427	9840	14290	12563	12736	12586	31881	3851	3978	1447	1564	4386	4634	1460	1598	0
*	5p	-	18	21406928	14054395	14672279	21018293	71151895	57267	150216	54441	50465	12636	12625	9994	14513	12522	12814	12462	31976	4218	4237	1558	1641	4921	4975	1477	1658	0
*	5p	-	19	21362401	14032837	14780569	20990161	71165968	57305	150487	54706	49937	12437	12523	10145	14279	12677	12813	12585	32239	4410	4490	1542	1629	5156	5182	1469	1633	0
*	5p	-	20	21339577	14112984	14757839	20840671	71051071	56629	150491	55033	50531	12559	12674	10218	14454	13160	12758	12380	32515	4719	4795	1564	1667	5299	5445	1490	1693	0
*	5p	-	21	21367080	14144362	14669491	20855713	71036646	57080	150862	55064	50422	12450	12334	10306	14292	13009	12785	12774	32148	4897	5053	1590	1713	5295	5455	1461	1739	0
*	5p	-	22	21319906	14135794	14549929	21017390	71023019	56715	151306	54830	50737	12510	12671	10283	14326	12883	13059	12605	32117	5197	5170	1586	1689	5523	5455	1498	1626	0
*	5p	-	23	21282593	14162284	14507661	21079526	71032064	56287	151066	54646	50651	12461	12686	10113	14526	13050	12876	12736	31959	5071	5059	1601	1635	5418	5556	1488	1702	0
*	5p	-	24	21402768	14117241	14576821	20958580	71055410	56819	151160	54876	50217	12687	12618	10109	14260	12746	12771	12190	31928	5101	5211	1599	1694	5395	5500	1507	1730	0
*	5p	-	25	21439469	13991747	14540845	21042777	71014838	56951	150913	54691	50371	12652	12642	10199	14195	12889	12833	12272	31442	5258	5085	1584	1723	5365	5469	1465	1755	0
*	5p	-	26	21355894	13997379	14619041	20944013	70916327	57183	150006	54635	50166	12428	12694	10437	14299	13202	13002	12584	32311	5229	5068	1610	1742	5427	5310	1471	1674	0
*	5p	-	27	21381588	14024809	14672141	20816583	70895121	57239	150039	54914	50607	12875	12691	10411	14377	13270	12965	12951	32362	5361	5265	1642	1672	5473	5277	1514	1681	0
*	5p	-	28	21416156	14004589	14729697	20855935	71006377	57810	149535	55422	50266	12568	12725	10609	14279	13023	12988	12640	32052	5220	5101	1570	1661	5292	5349	1425	1718	0
*	5p	-	29	21263086	14033981	14760316	20821350	70878733	58108	150643	55707	50934	12897	13285	11311	14336	14595	13405	13395	33333	5248	5228	1545	1661	5383	5351	1441	1633	0
*	5p	-	30	21209194	14162203	14715234	20800327	70886958	57996	151823	55961	50524	12786	12875	10995	14443	13888	13203	13140	32306	5245	5116	1595	1665	5156	5266	1468	1681	0
*	5p	-	31	21157718	14167147	14580082	20789555	70694502	58604	153606	56728	52108	13014	14228	12651	14990	17213	14379	14725	34062	5079	4886	1522	1583	4963	5145	1528	1697	0
*	5p	-	32	21209509	14162210	14571147	20939641	70882507	57338	152761	55867	50842	12646	12765	11351	14375	13577	13182	13023	32518	4981	4692	1518	1547	5024	4916	1488	1728	0
*	5p	-	33	21150986	14045200	14443346	20840163	70479695	59157	158151	58309	53178	13486	15121	13523	15378	19580	15396	15875	34949	4802	4688	1498	1553	4734	4719	1426	1676	0
*	5p	-	34	21143580	13958650	14422119	20818386	70342735	59823	166383	59694	53457	13567	15381	14057	15453	21552	15652	16365	35019	4612	4320	1495	1539	4605	4493	1421	1675	0
*	5p	-	35	21232533	13933034	14457795	20794727	70418089	59403	190012	60452	52635	13284	14893	13596	15586	19616	15060	15154	34288	4166	4032	1290	1421	4013	4061	1272	1447	0
*	5p	-	36	21277161	13891682	14535392	20743032	70447267	60725	251723	63182	51463	13384	15057	13215	16004	18693	15317	14984	34293	3360	2994	954	1135	3139	3168	853	1050	0
*	5p	-	37	21310375	13867585	14578176	20649501	70405637	62910	413340	67524	51601	13797	16920	14102	17566	20396	16927	15487	35279	2124	1950	577	614	2124	2020	587	713	0
*	5p	-	38	21209068	13837529	14590460	20674601	70311658	66189	833157	73932	51590	14228	21088	15117	19224	21956	19700	15904	36618	856	790	232	234	837	797	220	310	0
*	5p	-	39	21208373	13783893	14674662	20717391	70384319	71458	1930514	84268	50306	14416	30079	16026	23545	22392	24937	14783	37916	230	218	72	67	228	229	71	105	0
*	5p	-	40	21191307	13653242	14788567	20864811	70497927	81100	4851390	101530	45283	12484	53709	18606	33109	24660	34337	13053	41301	6	4	0	1	5	6	0	1	0
*	5p	-	41	77858	43929	48821	77686	248294	408	12129	504	281	112	402	132	195	185	237	98	241	0	0	0	0	0	0	0	0	0
*	5p	-	42	21522	11303	13547	21486	67858	69	2559	74	37	10	62	16	28	25	32	12	30	0	0	0	0	0	0	0	0	0
*	5p	-	43	5122	1896	3263	5035	15316	0	0	0	0	0	0	0	0	0	0	0	0	0	0	0	0	0	0	0	0	0
*	5p	-	44	0	0	0	0	0	0	0	0	0	0	0	0	0	0	0	0	0	0	0	0	0	0	0	0	0	0
*	5p	-	45	0	0	0	0	0	0	0	0	0	0	0	0	0	0	0	0	0	0	0	0	0	0	0	0	0	0
*	5p	-	46	0	0	0	0	0	0	0	0	0	0	0	0	0	0	0	0	0	0	0	0	0	0	0	0	0	0
*	5p	-	47	0	0	0	0	0	0	0	0	0	0	0	0	0	0	0	0	0	0	0	0	0	0	0	0	0	0
*	5p	-	48	0	0	0	0	0	0	0	0	0	0	0	0	0	0	0	0	0	0	0	0	0	0	0	0	0	0
*	5p	-	49	0	0	0	0	0	0	0	0	0	0	0	0	0	0	0	0	0	0	0	0	0	0	0	0	0	0
*	5p	-	50	0	0	0	0	0	0	0	0	0	0	0	0	0	0	0	0	0	0	0	0	0	0	0	0	0	0
*	5p	-	51	0	0	0	0	0	0	0	0	0	0	0	0	0	0	0	0	0	0	0	0	0	0	0	0	0	0
*	5p	-	52	0	0	0	0	0	0	0	0	0	0	0	0	0	0	0	0	0	0	0	0	0	0	0	0	0	0
*	5p	-	53	0	0	0	0	0	0	0	0	0	0	0	0	0	0	0	0	0	0	0	0	0	0	0	0	0	0
*	5p	-	54	0	0	0	0	0	0	0	0	0	0	0	0	0	0	0	0	0	0	0	0	0	0	0	0	0	0
*	5p	-	55	0	0	0	0	0	0	0	0	0	0	0	0	0	0	0	0	0	0	0	0	0	0	0	0	0	0
*	5p	-	56	0	0	0	0	0	0	0	0	0	0	0	0	0	0	0	0	0	0	0	0	0	0	0	0	0	0
*	5p	-	57	0	0	0	0	0	0	0	0	0	0	0	0	0	0	0	0	0	0	0	0	0	0	0	0	0	0
*	5p	-	58	0	0	0	0	0	0	0	0	0	0	0	0	0	0	0	0	0	0	0	0	0	0	0	0	0	0
*	5p	-	59	0	0	0	0	0	0	0	0	0	0	0	0	0	0	0	0	0	0	0	0	0	0	0	0	0	0
*	5p	-	60	0	0	0	0	0	0	0	0	0	0	0	0	0	0	0	0	0	0	0	0	0	0	0	0	0	0
*	5p	-	61	0	0	0	0	0	0	0	0	0	0	0	0	0	0	0	0	0	0	0	0	0	0	0	0	0	0
*	5p	-	62	0	0	0	0	0	0	0	0	0	0	0	0	0	0	0	0	0	0	0	0	0	0	0	0	0	0
*	5p	-	63	0	0	0	0	0	0	0	0	0	0	0	0	0	0	0	0	0	0	0	0	0	0	0	0	0	0
*	5p	-	64	0	0	0	0	0	0	0	0	0	0	0	0	0	0	0	0	0	0	0	0	0	0	0	0	0	0
*	5p	-	65	0	0	0	0	0	0	0	0	0	0	0	0	0	0	0	0	0	0	0	0	0	0	0	0	0	0
*	5p	-	66	0	0	0	0	0	0	0	0	0	0	0	0	0	0	0	0	0	0	0	0	0	0	0	0	0	0
*	5p	-	67	0	0	0	0	0	0	0	0	0	0	0	0	0	0	0	0	0	0	0	0	0	0	0	0	0	0
*	5p	-	68	0	0	0	0	0	0	0	0	0	0	0	0	0	0	0	0	0	0	0	0	0	0	0	0	0	0
*	5p	-	69	0	0	0	0	0	0	0	0	0	0	0	0	0	0	0	0	0	0	0	0	0	0	0	0	0	0
*	5p	-	70	0	0	0	0	0	0	0	0	0	0	0	0	0	0	0	0	0	0	0	0	0	0	0	0	0	0
