# table produced by mapDamage version 2.2.1
# using mapped file - and /projects/mjolnir1/people/pzx702/wildebeest/refgenomes/BWD_HiC.chr_Human_fossilMito.fasta as reference file
# Chr: reference from sam/bam header, End: from which termini of DNA sequences, Std: strand of reads
Chr	End	Std	Pos	A	C	G	T	Total	G>A	C>T	A>G	T>C	A>C	A>T	C>G	C>A	T>G	T>A	G>C	G>T	A>-	T>-	C>-	G>-	->A	->T	->C	->G	S
*	3p	+	1	6939851	4352890	4033129	7200919	22526789	17320	1725543	30687	13798	6547	14938	4482	7462	8672	9637	3104	9648	0	0	0	0	0	0	0	0	2
*	3p	+	2	7548290	4375427	4077098	6526310	22527125	17565	843929	25982	12754	7637	9003	4314	6699	10198	7264	4027	9593	1	0	0	1	1	1	0	0	2
*	3p	+	3	7363891	4015113	4416980	6731388	22527372	14877	186392	24067	12168	7041	6448	3737	5781	9675	5981	3520	10556	1	3	0	1	8	13	7	10	2
*	3p	+	4	7497085	3993782	4391229	6645386	22527482	14182	129872	20709	11999	6543	5268	3274	5299	10166	4844	3383	10220	0	5	2	4	43	47	35	57	0
*	3p	+	5	7505814	3926452	4399809	6695085	22527160	13457	101294	18895	12097	6156	4584	3204	4835	8432	4496	3212	10185	31	23	34	30	166	150	140	168	0
*	3p	+	6	7570673	4008801	4442188	6500765	22522427	13483	81001	18175	11474	6073	4268	3011	4838	8750	4423	3162	9739	94	107	87	81	1359	1322	1247	1536	0
*	3p	+	7	7470946	4105596	4352596	6588856	22517994	13160	71167	17490	12106	5850	4175	2860	4339	7705	4162	3356	9463	599	624	549	537	2464	2428	2386	2645	0
*	3p	+	8	7497090	4076270	4301942	6641598	22516900	13265	62709	16988	11863	6276	4122	2767	4220	7486	4169	3323	9891	1004	1076	857	835	2919	2787	2589	2744	0
*	3p	+	9	7377877	4159865	4315285	6663374	22516401	13058	57217	15618	11950	6123	4089	2781	4195	7204	4107	3434	9803	1200	1195	905	951	3184	2883	2582	2917	0
*	3p	+	10	7302602	4221334	4298066	6693824	22515826	12709	52765	15496	12299	6143	4123	2810	4154	7510	4058	3308	9995	1386	1386	924	1010	3330	3124	2847	2860	0
*	3p	+	11	7239792	4260451	4303412	6711863	22515518	12609	50447	15236	12160	6094	4074	2801	4141	7538	3990	3449	10076	1630	1448	1016	1047	3425	3311	2775	2958	0
*	3p	+	12	7254994	4244390	4318743	6697145	22515272	12740	48750	15083	12204	6119	4059	2789	4113	7723	3952	3346	9706	1774	1553	1026	1121	3597	3369	2746	3007	0
*	3p	+	13	7230533	4253850	4290043	6740528	22514954	12382	48346	15340	12228	6433	4044	2910	3787	7281	3958	3430	9823	1926	1750	1090	1133	3845	3489	2868	2839	0
*	3p	+	14	7254290	4243487	4317215	6699635	22514627	12586	48430	15088	12151	6062	4231	2856	4152	7195	3951	3385	9823	2082	1899	1112	1189	3939	3518	2932	2974	0
*	3p	+	15	7247430	4249722	4319557	6697550	22514259	12600	48502	15030	12145	6098	4137	2789	4207	7077	4033	3300	9770	2339	2048	1054	1186	4234	3751	2772	2979	0
*	3p	+	16	7227679	4268424	4307217	6710811	22514131	12494	49015	14897	12283	6349	4112	2747	4066	6467	3985	3320	9754	2570	2059	1126	1262	4385	3775	2818	2888	0
*	3p	+	17	7211701	4281160	4304070	6716713	22513644	12531	49201	14779	12289	6245	4013	2850	4112	6682	3960	3393	9824	2809	2223	1117	1239	4698	3989	2758	2909	0
*	3p	+	18	7233140	4265060	4319344	6695571	22513115	12474	49479	15088	12331	6263	4028	2801	4119	6743	3979	3370	9981	2952	2440	1116	1235	5077	4104	2734	2968	0
*	3p	+	19	7218529	4284375	4328207	6681650	22512761	12444	49747	14881	12277	6387	4037	2686	3934	6292	3918	3318	9731	3270	2486	1197	1264	5186	4292	2849	2908	0
*	3p	+	20	7215831	4290508	4324079	6681934	22512352	12464	50077	15776	12422	7234	4019	2826	4546	6105	3997	3299	9908	3328	2665	1173	1285	5373	4404	2839	3029	0
*	3p	+	21	7199414	4296745	4324787	6691124	22512070	12416	51079	15060	12236	7079	3990	2824	3982	5483	4003	3420	10141	3595	2743	1215	1301	5404	4624	2850	3047	0
*	3p	+	22	7211732	4286812	4321110	6692538	22512192	12531	50767	14973	12475	6867	3927	2758	4036	6167	3830	3357	9602	3626	2786	1228	1255	5475	4573	2815	2936	0
*	3p	+	23	7235684	4267639	4314639	6693869	22511831	12501	52303	15011	12304	7289	4021	2723	4090	6064	3945	3392	9749	3765	2917	1200	1378	5594	4683	2885	2999	0
*	3p	+	24	7259842	4258265	4321982	6671704	22511793	12440	53206	15375	12236	7707	3948	2788	4045	6307	3980	3397	9639	3826	2953	1231	1339	5640	4639	2834	3080	0
*	3p	+	25	7276030	4256342	4319559	6659577	22511508	12692	55066	15405	12138	8186	3980	2743	4050	6669	4012	3411	9836	3801	3040	1233	1254	5829	4662	2904	3076	0
*	3p	+	26	7296980	4264444	4308454	6641791	22511669	12869	57163	14841	12821	10521	3973	2814	3927	4751	4087	3362	9772	3741	3074	1180	1378	5750	4676	2918	2950	0
*	3p	+	27	7318195	4279572	4309860	6607073	22514700	12948	59694	15100	12696	11067	4181	2895	3955	4756	4128	3396	9818	3675	3039	1256	1296	5095	3907	2065	2181	0
*	3p	+	28	7349857	4258942	4310979	6597522	22517300	13151	65609	15697	12941	11041	4509	2852	4138	4985	4605	3417	9960	3539	2694	1007	1125	4364	3415	1398	1443	0
*	3p	+	29	7388596	4235698	4315576	6579135	22519005	14053	75574	17176	13186	12590	5611	3089	4556	5312	5984	3513	10648	3310	2490	860	1005	3853	2923	1067	1043	0
*	3p	+	30	7411809	4245678	4279118	6583187	22519792	15627	137854	21213	13617	13852	8301	3801	6233	5602	9036	3690	11792	3017	2346	756	750	3585	2669	858	948	0
*	3p	+	31	6998973	4001361	4031988	6228075	21260397	14700	140621	20073	12598	13181	7924	3275	5659	5011	8484	3284	11160	2804	2071	699	733	3099	2432	771	769	0
*	3p	+	32	6586336	3752100	3791154	5865337	19994927	13640	140302	19109	11494	12256	7353	2884	5248	4521	8102	3046	10533	2430	1945	620	643	2789	2153	704	661	0
*	3p	+	33	6198929	3502483	3551741	5501520	18754673	12818	139190	18102	10860	11409	7035	2706	5095	4183	7533	2720	9775	2244	1746	597	554	2614	1975	602	591	0
*	3p	+	34	5798369	3266322	3320701	5155355	17540747	12123	137728	17254	9903	10892	6453	2547	4794	3810	7136	2611	9380	2034	1620	502	529	2385	1841	503	529	0
*	3p	+	35	5419512	3033548	3093112	4811967	16358139	11204	134359	16403	9276	10245	6291	2339	4454	3650	7050	2340	8566	1864	1441	458	527	2215	1643	510	499	0
*	3p	+	36	5041332	2819120	2870436	4480295	15211183	10632	130278	15269	8528	9737	5669	2206	4171	3419	6681	2179	8235	1702	1328	438	478	1968	1554	442	443	0
*	3p	+	37	4670890	2617513	2654280	4168726	14111409	9745	126233	14615	8155	8766	5604	2094	4078	3176	6112	2085	7716	1566	1254	409	395	1806	1449	416	418	0
*	3p	+	38	4319950	2420012	2456300	3864073	13060335	8991	121485	13260	7597	8078	5192	1872	3683	3384	5946	1943	7128	1353	1129	344	387	1579	1297	369	407	0
*	3p	+	39	3993204	2234175	2268544	3568264	12064187	8391	116136	12618	7111	7088	4845	1782	3379	2929	5586	1892	6637	1214	1065	332	367	1462	1132	319	358	0
*	3p	+	40	3676678	2061244	2091642	3294283	11123847	7793	111322	12011	6344	7748	4707	1773	3387	2625	5337	1692	6232	1140	882	303	305	1318	1038	300	312	0
*	3p	+	41	3384790	1891954	1928726	3030606	10236076	7461	106664	11299	5981	6787	4455	1657	3230	2468	5097	1656	5808	940	805	282	285	1145	974	288	309	0
*	3p	+	42	3106532	1738350	1773451	2786722	9405055	6903	105503	10593	5750	6450	4475	1538	3137	2393	4956	1447	5532	918	788	225	249	1048	796	246	256	0
*	3p	+	43	2840268	1583889	1623969	2553347	8601473	6384	98242	9940	5147	6089	3987	1421	2811	2126	4414	1368	4987	756	657	232	232	935	756	221	224	0
*	3p	+	44	2598088	1444952	1479121	2334691	7856852	5954	91600	9044	4766	5364	3847	1309	2660	1979	4263	1262	4548	691	641	205	181	738	667	199	219	0
*	3p	+	45	2370391	1316604	1347996	2132422	7167413	5297	84396	8147	4286	5111	3417	1193	2566	1749	3754	1160	4212	654	532	163	208	694	638	175	190	0
*	3p	+	46	2155382	1199518	1226846	1946529	6528275	4803	78652	7442	3994	4391	3139	1082	2234	1769	3610	983	3918	559	481	174	175	593	572	160	156	0
*	3p	+	47	1962937	1087935	1114536	1772814	5938222	4379	71785	6815	3560	4143	2754	998	1979	1511	3156	908	3526	492	461	123	152	550	476	141	145	0
*	3p	+	48	1779815	990343	1011283	1613815	5395256	3977	66171	6137	3224	3440	2541	889	1892	1468	2907	794	3290	439	419	127	146	500	438	135	115	0
*	3p	+	49	1614401	899184	915793	1467098	4896476	3533	61032	5666	2947	3463	2395	827	1653	1273	2703	739	2951	391	379	120	140	439	384	120	126	0
*	3p	+	50	1463550	815537	831315	1328881	4439283	3192	55838	5034	2686	2813	2104	747	1474	1160	2440	674	2564	338	307	95	119	415	351	96	82	0
*	3p	+	51	1320967	740068	756425	1204665	4022125	2927	50589	4577	2497	2690	1911	645	1402	982	2215	666	2323	334	293	83	94	369	304	105	94	0
*	3p	+	52	1196229	670102	683470	1091478	3641279	2671	46022	4117	2245	2317	1759	614	1233	906	2089	545	2162	308	227	63	84	294	279	76	80	0
*	3p	+	53	1081716	605961	620850	986159	3294686	2409	42312	3779	1956	2038	1585	566	1131	819	1817	549	2006	260	202	66	82	257	236	60	61	0
*	3p	+	54	977625	547001	561415	894182	2980223	2127	38209	3346	1809	1966	1491	512	984	716	1610	434	1699	234	197	62	56	226	224	74	52	0
*	3p	+	55	882324	495240	507887	808896	2694347	2000	34958	3034	1626	1734	1268	477	958	674	1468	421	1607	208	154	49	65	203	202	62	49	0
*	3p	+	56	796476	446877	458859	733528	2435740	1851	31412	2745	1472	1520	1134	389	771	575	1361	385	1498	157	136	49	57	168	181	55	46	0
*	3p	+	57	719499	405655	413922	663399	2202475	1573	28941	2425	1318	1379	1064	380	769	595	1231	330	1292	139	129	36	47	146	148	36	34	0
*	3p	+	58	650230	367488	373674	600554	1991946	1418	26129	2257	1259	1301	909	366	665	524	1109	290	1180	115	124	29	42	117	114	54	27	0
*	3p	+	59	587307	332291	337989	543494	1801081	1275	23474	1960	1094	1139	862	300	586	509	969	276	1062	100	95	24	43	105	100	33	27	0
*	3p	+	60	531054	301485	305186	491131	1628856	1187	21697	1832	984	1068	783	276	544	405	837	250	938	98	90	21	31	86	88	28	26	0
*	3p	+	61	478996	272958	277117	444489	1473560	1054	19602	1621	914	925	701	256	496	448	788	251	870	75	76	23	21	78	95	20	23	0
*	3p	+	62	432953	246803	250515	403556	1333827	943	17646	1437	866	873	682	265	491	339	754	221	777	78	67	18	20	67	63	31	18	0
*	3p	+	63	392499	224158	227543	363999	1208199	848	16524	1368	746	796	568	170	411	354	673	178	783	70	63	19	13	74	51	24	23	0
*	3p	+	64	354299	203018	205994	331584	1094895	820	15472	1244	670	784	507	195	378	289	623	190	647	50	53	14	8	51	54	16	12	0
*	3p	+	65	320772	183959	186211	298883	989825	755	13628	1126	665	649	519	174	354	300	572	142	661	43	37	14	10	48	49	12	16	0
*	3p	+	66	289847	166220	168097	270625	894789	683	12219	998	554	581	430	135	296	238	513	149	567	31	59	13	18	48	46	17	13	0
*	3p	+	67	261695	151265	152396	243955	809311	607	11087	904	528	572	389	155	262	222	467	156	529	36	36	6	23	40	38	22	10	0
*	3p	+	68	235895	137053	137582	221999	732529	534	10131	814	487	487	318	99	266	183	401	128	436	29	25	8	13	50	38	13	6	0
*	3p	+	69	213903	124516	124796	200634	663849	527	8861	686	404	438	324	129	228	194	353	101	386	36	31	10	15	24	31	12	3	0
*	3p	+	70	193677	113454	112857	181993	601981	402	8019	658	381	371	284	100	204	182	349	98	354	35	32	6	19	31	22	11	7	0
*	3p	-	1	6920067	4337351	4044700	7208689	22510807	17002	1718046	30572	13905	6485	14612	4335	7304	8587	9722	3061	9541	0	0	0	0	0	0	0	0	9
*	3p	-	2	7530747	4360046	4085037	6534691	22510521	17249	840805	25544	12551	7613	9081	4240	6545	10165	7353	4042	9477	0	0	0	0	263	149	87	68	9
*	3p	-	3	7349836	3999019	4428052	6732902	22509809	14680	185967	24257	12177	7211	6116	3579	5796	9552	5941	3593	10284	101	59	21	20	719	445	147	203	3
*	3p	-	4	7476158	3979206	4401598	6650768	22507730	14118	128559	20364	11895	6697	5137	3359	5072	10076	4982	3342	10275	296	186	85	66	1912	1085	370	416	1
*	3p	-	5	7485139	3914933	4409350	6695701	22505123	13307	100524	18469	11808	6206	4586	3137	4617	8297	4472	3202	10014	1069	536	203	214	3048	1852	747	831	0
*	3p	-	6	7548071	3990562	4455080	6506843	22500556	13622	80770	18197	11637	5981	4124	3025	4785	8858	4207	3236	9723	1934	1172	396	366	4510	3100	1653	1871	0
*	3p	-	7	7447111	4089822	4362907	6596788	22496628	13026	71246	17120	11977	6117	3976	2915	4248	7785	4256	3356	9570	2591	1862	727	749	5255	4274	2645	2940	0
*	3p	-	8	7475099	4058969	4313818	6647840	22495726	12938	62452	17037	11873	6259	4074	2879	4260	7464	3977	3251	9737	3094	2302	984	1014	5550	4594	2809	3098	0
*	3p	-	9	7354967	4143688	4325862	6671327	22495844	12768	57303	15705	12074	6164	4065	2879	4161	7333	4081	3388	9679	3335	2551	1156	1127	5676	4580	2740	2941	0
*	3p	-	10	7282198	4209219	4307228	6696943	22495588	12819	52819	15383	11958	6084	4081	2848	4275	7443	4116	3318	9896	3538	2792	1148	1143	5718	4682	2921	2898	0
*	3p	-	11	7222468	4240368	4309777	6723139	22495752	12635	50331	15114	12189	6372	4192	2800	4191	7636	4062	3430	9963	3670	2906	1226	1199	5517	4655	2866	3031	0
*	3p	-	12	7238147	4231376	4325756	6700575	22495854	12456	48654	14990	12105	6062	4048	2893	4272	7625	4044	3332	9942	3650	3032	1171	1262	5474	4589	2915	3013	0
*	3p	-	13	7212334	4239549	4299836	6743997	22495716	12406	48108	15212	12274	6493	4074	2878	4009	7334	4061	3395	9855	3790	2836	1224	1251	5588	4735	2869	2925	0
*	3p	-	14	7236739	4227422	4329890	6701581	22495632	12864	48147	14836	12125	6126	4150	2802	4175	7326	3896	3357	9735	3935	2856	1195	1227	5723	4727	2830	2951	0
*	3p	-	15	7229777	4235191	4327151	6703655	22495774	12582	48615	14987	12085	6172	4033	2848	4142	7070	4011	3342	9648	3826	3055	1201	1290	5533	4691	2835	3027	0
*	3p	-	16	7205866	4255857	4317175	6717092	22495990	12515	48456	14818	12393	6420	4037	2893	3913	6576	3934	3354	9817	3654	2978	1282	1287	5368	4608	2957	2938	0
*	3p	-	17	7194913	4265377	4316357	6719179	22495826	12544	49250	14781	12163	6341	4001	2804	3995	6654	3972	3332	9678	3710	2858	1222	1288	5526	4614	2845	3049	0
*	3p	-	18	7214541	4252089	4328455	6701285	22496370	12408	49368	15126	12348	6357	4024	2804	4235	6735	4024	3230	9869	3575	2883	1219	1338	5312	4414	2796	2966	0
*	3p	-	19	7204981	4267806	4333687	6689892	22496366	12489	49575	14944	12450	6477	4036	2642	3923	6394	3989	3264	9665	3524	2819	1216	1346	5212	4367	2847	3060	0
*	3p	-	20	7197540	4271486	4336378	6690920	22496324	12448	50024	15902	12679	7378	3987	2776	4577	6166	3921	3245	9659	3444	2815	1235	1340	5137	4509	2771	3110	0
*	3p	-	21	7182604	4278277	4335471	6700065	22496417	12375	50577	15091	12224	7106	4024	2800	4062	5381	4075	3270	9968	3400	2677	1189	1291	5030	4386	2885	3136	0
*	3p	-	22	7198142	4270168	4332216	6696411	22496937	12401	51048	15046	12478	6918	4049	2819	4002	6003	3927	3326	9884	3224	2623	1198	1290	4868	4320	2886	2840	0
*	3p	-	23	7223636	4248563	4330502	6694396	22497097	12401	52244	15222	12499	7290	4107	2827	4009	6135	4041	3308	9941	3157	2582	1205	1269	4766	4166	2811	3007	0
*	3p	-	24	7244414	4240558	4332196	6680459	22497627	12547	53760	15379	12239	7715	4083	2932	4039	6374	3934	3332	9833	2891	2532	1169	1285	4511	4067	2737	2903	0
*	3p	-	25	7261667	4240407	4328075	6667890	22498039	12414	55255	15577	12367	8280	4076	2728	4118	6572	3950	3350	9737	2814	2543	1189	1238	4291	3975	2655	2881	0
*	3p	-	26	7284019	4246839	4317836	6649925	22498619	12699	56478	14910	12774	10588	4135	2834	3933	4823	4104	3230	9921	2537	2351	1210	1275	4080	3667	2686	2776	0
*	3p	-	27	7300047	4264121	4317517	6620832	22502517	12711	59854	15127	12789	11192	4216	2827	3948	4710	4205	3389	9828	2473	2171	1123	1189	3055	2771	1713	1753	0
*	3p	-	28	7334312	4248174	4324387	6598013	22504886	13158	64990	15811	12942	11202	4438	2857	4109	4845	4672	3437	9996	1959	1832	895	961	2368	2209	1095	1225	0
*	3p	-	29	7371347	4221801	4326604	6586378	22506130	14161	75096	17486	13163	12801	5675	3184	4728	5211	5953	3533	10571	1861	1564	709	800	2014	1806	872	925	0
*	3p	-	30	7397086	4232766	4287566	6589359	22506777	15486	137677	21228	13751	13820	8386	3683	6085	5551	9259	3640	12071	1553	1413	650	746	1794	1606	720	796	0
*	3p	-	31	6980157	3988777	4038569	6241640	21249143	14563	140205	20295	12609	13075	7709	3231	5744	5087	8536	3162	11250	1447	1233	596	639	1641	1477	624	644	0
*	3p	-	32	6576252	3735803	3801282	5872450	19985787	13478	139859	19254	11408	12286	7323	2941	5197	4495	8124	2950	10525	1304	1159	526	542	1413	1293	535	607	0
*	3p	-	33	6185022	3487577	3560810	5513012	18746421	12762	139730	18197	10691	11501	6741	2731	4980	4102	7663	2668	10085	1182	1005	421	542	1208	1190	469	529	0
*	3p	-	34	5784707	3254440	3327798	5165664	17532609	11938	137172	17285	9934	10898	6551	2652	4616	3845	7316	2459	9312	1093	907	411	451	1196	1077	448	513	0
*	3p	-	35	5404225	3021013	3099359	4823539	16348136	11056	133568	16308	9396	10157	6247	2367	4520	3581	6968	2277	8856	955	855	366	430	1035	969	420	429	0
*	3p	-	36	5028530	2806717	2879069	4489135	15203451	10417	129985	15118	8653	9764	5900	2281	4201	3370	6653	2284	8241	820	756	359	387	937	912	360	400	0
*	3p	-	37	4662305	2604438	2662668	4175962	14105373	9720	125361	14305	8231	8796	5654	2047	3924	3266	6348	2025	7588	756	644	296	375	818	761	350	369	0
*	3p	-	38	4312951	2409706	2462862	3871185	13056704	9086	120317	13207	7583	8093	5314	1916	3673	3516	5831	1797	7129	696	608	297	280	751	693	288	322	0
*	3p	-	39	3984931	2221665	2278248	3575547	12060391	8553	115942	12430	7088	7274	4860	1878	3430	2896	5678	1789	6681	636	546	238	262	659	647	283	278	0
*	3p	-	40	3668777	2050808	2101397	3298205	11119187	8043	111287	12009	6617	7624	4585	1698	3346	2594	5314	1645	6250	554	509	218	250	601	587	235	249	0
*	3p	-	41	3375531	1883233	1934743	3038604	10232111	7272	105841	11063	6173	6856	4414	1611	3126	2432	5134	1580	5846	467	415	216	229	565	524	205	233	0
*	3p	-	42	3101711	1731454	1779478	2789703	9402346	7029	105826	10568	5707	6412	4496	1545	3086	2398	4935	1498	5547	457	387	190	219	485	467	177	233	0
*	3p	-	43	2837439	1580963	1627124	2557459	8602985	6371	98803	9696	5141	6195	4155	1447	2946	2140	4643	1390	5167	394	394	151	192	433	443	186	177	0
*	3p	-	44	2596697	1438554	1485829	2338076	7859156	5964	91091	9054	4649	5461	3689	1248	2667	1957	4222	1176	4680	371	286	164	144	343	354	157	183	0
*	3p	-	45	2367663	1310837	1354743	2135049	7168292	5359	84437	7957	4322	5029	3458	1183	2418	1678	3983	1189	4242	305	269	142	138	325	337	137	132	0
*	3p	-	46	2154182	1194313	1232722	1948132	6529349	4867	78292	7320	3819	4419	3165	1094	2258	1674	3438	1017	3846	254	258	112	132	268	310	120	123	0
*	3p	-	47	1959250	1086028	1119882	1774202	5939362	4387	71759	6703	3573	4097	2799	963	2079	1576	3308	941	3520	243	223	117	124	278	271	95	121	0
*	3p	-	48	1778694	985332	1016191	1616564	5396781	4017	66098	5953	3215	3519	2650	877	1789	1416	2989	798	3236	243	191	86	108	236	250	99	95	0
*	3p	-	49	1610913	896622	920680	1469763	4897978	3649	61118	5608	2960	3437	2315	791	1571	1188	2759	777	2908	186	181	90	97	218	206	84	99	0
*	3p	-	50	1459175	813019	837593	1330239	4440026	3294	55874	5104	2625	2788	2135	729	1398	1135	2452	671	2672	158	147	73	91	169	150	68	83	0
*	3p	-	51	1319749	735456	759785	1207129	4022119	2881	51157	4692	2326	2708	1933	687	1321	973	2189	651	2394	147	119	60	65	152	158	62	65	0
*	3p	-	52	1193667	665516	688170	1094101	3641454	2683	46308	4050	2132	2298	1751	651	1276	899	2009	601	2190	129	127	53	55	137	153	61	62	0
*	3p	-	53	1079375	602450	624550	988778	3295153	2421	42169	3670	2026	2106	1542	550	1057	819	1763	484	2035	117	105	57	67	115	141	45	60	0
*	3p	-	54	975788	544967	563817	896655	2981227	2185	38228	3313	1751	1883	1449	532	1014	742	1654	439	1861	113	103	47	56	84	119	49	61	0
*	3p	-	55	881586	492934	510039	810904	2695463	2068	34686	3019	1625	1766	1257	445	911	680	1494	418	1571	95	99	33	45	85	109	35	33	0
*	3p	-	56	795991	446011	461063	733755	2436820	1684	31529	2697	1426	1461	1178	431	836	624	1398	369	1444	76	69	38	40	59	74	39	47	0
*	3p	-	57	719195	403668	415887	664402	2203152	1577	28766	2436	1319	1475	1050	376	700	569	1250	356	1312	61	58	28	39	64	61	27	27	0
*	3p	-	58	648485	365317	375678	602527	1992007	1464	26123	2303	1181	1332	951	339	643	506	1145	307	1206	56	51	17	28	60	60	20	21	0
*	3p	-	59	585378	330300	339887	545205	1800770	1272	23300	1977	1056	1175	850	295	599	432	997	296	1069	49	50	21	27	40	44	22	22	0
*	3p	-	60	530258	299095	308540	491367	1629260	1207	21389	1814	953	1010	776	290	558	439	881	278	1076	33	29	15	22	41	41	24	23	0
*	3p	-	61	476760	271418	279468	445999	1473645	1050	19392	1628	940	932	717	268	479	403	849	254	916	38	40	18	28	45	41	12	14	0
*	3p	-	62	431701	245227	252908	403743	1333579	1000	17811	1441	841	862	628	222	464	324	752	227	805	34	34	15	17	35	40	16	18	0
*	3p	-	63	390033	222674	229105	365225	1207037	863	15977	1304	792	756	597	220	400	301	744	215	731	31	23	11	10	32	33	15	17	0
*	3p	-	64	352985	202357	207154	331313	1093809	803	15208	1252	708	750	547	179	419	307	668	214	688	31	21	13	20	31	34	12	11	0
*	3p	-	65	319994	182508	187036	299259	988797	729	13487	1113	635	662	505	148	311	258	592	170	647	27	22	9	16	26	20	9	10	0
*	3p	-	66	287615	165670	169869	271033	894187	626	12210	974	486	633	444	159	301	206	520	154	573	26	28	11	12	26	21	9	8	0
*	3p	-	67	260744	149446	153360	245553	809103	590	10914	920	518	554	422	129	289	203	472	134	532	25	24	7	13	16	16	6	12	0
*	3p	-	68	235017	136044	138672	222022	731755	545	9989	772	460	481	347	126	254	203	421	141	444	19	12	12	14	18	13	10	11	0
*	3p	-	69	213153	123047	125398	201115	662713	502	8801	737	394	470	311	113	222	175	390	129	435	12	18	8	11	8	18	10	3	0
*	3p	-	70	192197	112621	113824	181795	600437	431	7955	627	366	372	299	107	194	136	347	98	430	17	17	4	10	14	13	8	6	0
*	5p	+	1	7655508	4561187	3622166	6688100	22526961	40499	1479010	87811	22054	34050	54661	12515	34622	14556	63201	6611	32365	0	0	0	0	0	0	0	0	32
*	5p	+	2	7871223	3770215	4346710	6537967	22526115	29488	277153	46902	18535	31145	25100	7154	13021	9760	30381	5138	22160	3	1	1	0	461	324	130	151	29
*	5p	+	3	7821304	3937713	4506346	6259342	22524705	19280	175162	26350	15490	19151	11329	4439	7377	7028	13370	3801	12928	268	149	99	87	1128	743	457	429	3
*	5p	+	4	7619344	4278988	4413000	6210009	22521341	14525	121500	20300	14503	19294	6585	3475	5188	5740	6943	3792	10250	615	505	313	284	2424	1824	1031	1005	1
*	5p	+	5	7616364	4297435	4277868	6321808	22513475	13839	93995	17560	13759	13759	4872	2951	4433	4997	5329	3413	9990	1614	1420	836	799	4483	3732	3023	3029	0
*	5p	+	6	7457832	4271361	4269606	6513601	22512400	13556	80339	16578	13436	15416	4313	2835	4067	4870	4444	3745	10076	2089	1821	858	947	4899	4204	3077	3236	0
*	5p	+	7	7414555	4228941	4284970	6584061	22512527	13219	69689	15762	13490	16192	4239	2854	3971	5091	4033	3645	10240	2651	2234	1056	974	5056	4317	2958	3021	0
*	5p	+	8	7365748	4222811	4296370	6627552	22512481	13021	61379	15387	12842	13132	4048	2703	3877	5056	4008	3638	9868	2840	2357	1038	1071	5102	4344	2898	3076	0
*	5p	+	9	7300821	4259997	4300552	6651325	22512695	12898	56317	15039	13112	11476	4086	2793	3998	5049	3922	3655	10034	3134	2466	1126	1090	5136	4415	2810	2871	0
*	5p	+	10	7250968	4296490	4317224	6647857	22512539	12913	52052	14900	13341	12269	3937	2815	3837	5146	3922	3650	10137	3270	2564	1061	1184	5184	4338	2836	3053	0
*	5p	+	11	7228206	4313279	4318551	6652485	22512521	12487	50433	14724	12806	10807	3916	2761	3848	4967	3983	3570	9945	3542	2671	1124	1216	5216	4332	2904	2989	0
*	5p	+	12	7235801	4322015	4321143	6633605	22512564	12706	49167	14695	13052	10591	3915	2790	3913	5067	3784	3443	9970	3598	2645	1154	1231	5270	4325	2832	2982	0
*	5p	+	13	7223694	4308497	4301511	6678913	22512615	12633	49456	14430	12692	8983	3865	2743	3863	5135	3916	3378	9906	3556	2810	1207	1289	5251	4447	2749	2917	0
*	5p	+	14	7212531	4304689	4308977	6686042	22512239	12695	49015	14743	12838	8545	4036	2677	3919	5244	3766	3337	9870	3677	2859	1115	1240	5316	4638	2778	3026	0
*	5p	+	15	7195789	4308643	4304427	6703350	22512209	12363	49341	14426	12624	7899	3922	2749	3895	5175	3782	3418	9837	3824	2835	1172	1234	5522	4528	2844	2894	0
*	5p	+	16	7196182	4309184	4315943	6690803	22512112	12565	49519	14342	12554	7264	4041	2757	3805	5287	3986	3449	9723	3644	2871	1184	1336	5475	4564	2855	2993	0
*	5p	+	17	7202543	4302924	4315255	6691529	22512251	12315	50140	14507	12386	7303	4002	2712	3911	5177	3912	3265	9780	3591	2854	1128	1267	5473	4543	2828	2903	0
*	5p	+	18	7186984	4302457	4314651	6708009	22512101	12281	50301	14720	12622	7544	4078	2756	3728	5235	3931	3464	9832	3475	2860	1127	1240	5416	4583	2949	2951	0
*	5p	+	19	7189692	4292476	4311870	6718457	22512495	12236	50702	14782	12287	7872	4061	2800	3944	5466	3820	3316	9913	3513	2894	1219	1306	5288	4534	2780	2902	0
*	5p	+	20	7188502	4292364	4310619	6721150	22512635	12382	50244	14642	12341	6771	4047	2838	3944	5526	4046	3346	9936	3612	2841	1132	1374	5164	4397	2860	2947	0
*	5p	+	21	7183941	4295057	4315384	6718296	22512678	12347	51217	14537	12271	7967	3949	2739	3848	5564	4016	3337	9837	3393	2804	1223	1326	5039	4431	2904	2949	0
*	5p	+	22	7215611	4272519	4310149	6714792	22513071	12511	51628	14655	12065	7217	4095	2714	3879	5660	3955	3443	9762	3208	2787	1184	1305	5056	4221	2737	2918	0
*	5p	+	23	7235571	4255310	4306192	6716563	22513636	12516	52212	14717	12127	6731	3989	2701	3862	5397	4117	3376	9609	3094	2625	1265	1272	4737	4119	2668	2840	0
*	5p	+	24	7254263	4244494	4313284	6702129	22514170	12629	53511	14866	12201	6422	3984	2792	4006	5775	3953	3342	9762	2876	2494	1204	1251	4521	3800	2638	2867	0
*	5p	+	25	7270366	4234671	4325889	6685340	22516266	12707	54939	15158	12178	6878	4161	2718	4139	5750	4095	3308	9877	2666	2288	1058	1157	3954	3368	2071	2332	0
*	5p	+	26	7306054	4212668	4332582	6668562	22519866	12731	57032	15819	11829	6223	4217	2852	4346	7049	4043	3273	9789	2372	1985	912	991	2991	2481	1233	1414	0
*	5p	+	27	7325966	4192383	4346759	6656359	22521467	12789	60507	16068	12034	5575	4034	2827	4303	7368	3996	3357	9797	2106	1705	698	766	2564	2033	907	1007	0
*	5p	+	28	7330764	4180396	4358467	6652689	22522316	12928	65884	16624	11903	5808	4253	2852	4333	7457	4133	3386	9869	1815	1558	651	762	2276	1796	753	825	0
*	5p	+	29	7352266	4186218	4332704	6651731	22522919	13128	99703	17173	12067	5912	4437	3038	4521	7860	4286	3522	9891	1731	1425	548	603	2003	1669	652	683	0
*	5p	+	30	7353228	4181833	4319320	6669064	22523445	13309	177423	17535	12241	5826	4950	2977	4562	7617	4517	3354	10023	1594	1315	524	580	1798	1439	558	627	0
*	5p	+	31	6951290	3932562	4063553	6316076	21263481	12388	180307	16529	11250	6309	4352	2615	4165	6859	4081	2894	8958	1517	1197	506	552	1604	1397	501	536	0
*	5p	+	32	6544966	3678722	3817598	5956243	19997529	11382	182504	15669	10432	4987	3899	2522	3831	6789	3582	2680	8531	1329	1120	457	524	1487	1263	484	496	0
*	5p	+	33	6146279	3440298	3575059	5595470	18757106	10842	180453	14439	9647	4419	3528	2151	3318	6374	3154	2455	7725	1179	1027	470	466	1329	1124	479	455	0
*	5p	+	34	5752282	3205386	3338416	5246852	17542936	10001	178952	13747	8713	4606	3338	1994	3131	5589	3008	2249	7200	1075	927	397	417	1250	1032	409	391	0
*	5p	+	35	5364335	2985687	3108276	4901930	16360228	9331	174396	12841	7999	3799	3095	1839	2900	5236	2717	2081	6723	907	819	365	399	1113	947	339	400	0
*	5p	+	36	4991731	2770092	2893021	4558259	15213103	8835	169475	11917	7490	3369	2917	1708	2793	5010	2488	1886	6344	871	741	319	342	947	835	330	398	0
*	5p	+	37	4632200	2559803	2685083	4236258	14113344	8021	163065	11101	7040	3111	2666	1557	2618	4674	2395	1793	5915	824	727	297	323	882	742	279	284	0
*	5p	+	38	4289079	2362313	2483479	3927109	13061980	7511	156466	10363	6432	3037	2689	1531	2479	4304	2283	1673	5513	744	656	272	299	786	686	249	290	0
*	5p	+	39	3956558	2183483	2293362	3632172	12065575	7069	150491	9667	5932	2742	2400	1342	2387	4068	2096	1439	4986	699	518	250	233	734	620	228	279	0
*	5p	+	40	3640488	2013344	2108096	3363237	11125165	6406	144414	9265	5444	2804	2289	1303	2156	3696	2033	1432	4685	535	520	216	225	666	543	204	228	0
*	5p	+	41	3346921	1857962	1935641	3096757	10237281	5900	139810	8592	4940	2512	2196	1254	2143	3484	1925	1186	4360	491	464	197	192	579	468	186	249	0
*	5p	+	42	3071099	1709931	1775502	2849495	9406027	5632	137648	8041	4562	2193	2266	1213	1999	3117	1807	1189	4138	460	398	160	202	565	461	171	182	0
*	5p	+	43	2809717	1560682	1620946	2610990	8602335	4995	127351	7212	4215	2082	1983	1019	1853	2850	1631	1121	3802	445	383	159	163	508	418	167	186	0
*	5p	+	44	2564775	1421563	1479543	2391720	7857601	4545	118301	6755	3930	1769	1829	1022	1674	2904	1598	979	3458	369	352	154	162	427	383	137	137	0
*	5p	+	45	2337669	1296695	1349683	2184064	7168111	4237	109663	6246	3404	1901	1668	875	1476	2427	1412	903	3156	355	309	135	145	393	339	130	137	0
*	5p	+	46	2130868	1177516	1230000	1990466	6528850	3685	101067	5532	3039	1484	1477	802	1347	2305	1339	773	2810	277	278	112	117	336	324	103	124	0
*	5p	+	47	1934095	1072246	1118454	1813946	5938741	3475	93423	5067	2870	1245	1442	732	1238	2152	1190	761	2569	297	231	108	123	322	255	111	103	0
*	5p	+	48	1755283	971542	1017198	1651714	5395737	3108	85099	4770	2518	1174	1272	703	1102	2010	1022	667	2333	239	224	82	106	275	247	79	102	0
*	5p	+	49	1591275	884567	923190	1497881	4896913	2804	78483	4236	2342	1082	1140	601	1044	1766	978	565	2097	227	213	83	95	248	226	74	89	0
*	5p	+	50	1440306	802372	836710	1360238	4439626	2503	71776	3767	2048	991	1016	537	942	1601	865	491	1830	204	164	73	115	246	221	73	65	0
*	5p	+	51	1304457	727439	756449	1234115	4022460	2326	65636	3376	1936	911	938	482	812	1347	798	483	1616	159	139	60	89	224	172	61	68	0
*	5p	+	52	1177601	659871	685043	1119047	3641562	2048	59800	3014	1701	910	865	444	757	1196	672	441	1603	149	152	64	61	168	157	59	51	0
*	5p	+	53	1065561	597242	617671	1014411	3294885	1864	54365	2769	1476	684	749	376	664	1088	662	378	1364	160	120	67	63	167	143	45	53	0
*	5p	+	54	963299	539868	558365	918917	2980449	1605	49136	2500	1433	644	731	353	593	1104	551	352	1264	139	107	40	66	127	127	45	38	0
*	5p	+	55	870272	488391	505702	830163	2694528	1484	44784	2238	1342	599	661	333	517	951	555	314	1162	90	94	40	55	130	110	51	41	0
*	5p	+	56	785845	442181	457196	750659	2435881	1410	40414	1997	1142	530	555	301	510	812	463	321	1082	115	99	30	39	131	105	40	39	0
*	5p	+	57	708872	399696	414599	679421	2202588	1270	36493	1900	1027	509	515	247	462	780	403	284	967	108	81	51	46	105	85	34	26	0
*	5p	+	58	642798	361533	373803	613891	1992025	1124	32891	1619	950	434	447	247	367	646	367	236	900	80	75	28	27	82	85	30	32	0
*	5p	+	59	579773	326650	339133	555553	1801109	1018	30324	1534	837	451	434	225	353	563	353	243	785	75	68	27	33	90	79	36	29	0
*	5p	+	60	522710	296740	306803	502626	1628879	954	27136	1350	790	372	413	185	350	576	314	219	713	65	61	24	33	84	64	26	22	0
*	5p	+	61	472653	269186	277045	454698	1473582	866	24415	1266	732	355	346	195	296	469	286	181	635	55	43	25	30	66	69	25	27	0
*	5p	+	62	427078	244448	249916	412404	1333846	752	22354	1117	636	326	307	189	287	442	260	186	583	51	41	11	22	62	45	17	21	0
*	5p	+	63	386544	222295	226839	372501	1208179	709	20827	1039	615	292	304	159	240	387	230	165	535	39	33	20	25	72	60	19	19	0
*	5p	+	64	350522	200688	205525	338129	1094864	631	19093	941	515	255	275	156	237	413	219	167	515	46	41	12	24	64	42	20	18	0
*	5p	+	65	316032	181882	184988	306911	989813	572	17361	881	457	205	253	144	204	366	200	127	437	39	32	10	21	45	34	16	18	0
*	5p	+	66	285379	164158	168076	277170	894783	494	15240	744	436	172	201	125	192	280	167	110	383	32	32	12	15	45	33	11	15	0
*	5p	+	67	257805	149081	152167	250246	809299	462	13846	716	368	175	190	117	176	290	167	123	357	33	33	8	20	36	40	11	12	0
*	5p	+	68	233521	134957	138542	225516	732536	417	12537	592	352	196	203	106	148	253	127	92	338	34	27	11	19	28	31	12	10	0
*	5p	+	69	211213	122479	125764	204394	663850	378	11269	546	305	153	152	95	132	230	137	94	283	27	19	16	11	16	21	5	13	0
*	5p	+	70	191845	110899	113811	185425	601980	337	9913	505	268	176	147	82	125	204	107	82	246	28	17	12	5	25	20	9	10	0
*	5p	-	1	7642540	4542911	3630453	6694726	22510630	40189	1474225	87385	21953	34239	55128	12575	33944	14771	63602	6710	32530	0	0	0	0	0	0	0	0	4
*	5p	-	2	7855019	3757487	4352760	6545645	22510911	29605	277002	47007	18475	31230	24705	7231	12874	9834	30547	5095	22123	2	0	1	1	1	5	3	1	4
*	5p	-	3	7802310	3926787	4514990	6267020	22511107	19004	175401	26348	15362	19126	11292	4463	7419	7156	13536	3837	13250	2	2	1	1	27	32	20	28	3
*	5p	-	4	7607238	4260643	4423025	6219945	22510851	14734	121833	20373	14964	19484	6718	3463	5155	5616	7148	3936	10204	23	22	19	23	137	130	160	134	0
*	5p	-	5	7599316	4281685	4290987	6329217	22501205	13993	94026	17465	13820	13789	5028	3000	4490	5192	5432	3340	9944	732	849	689	665	2466	2509	2627	2754	0
*	5p	-	6	7445401	4256905	4276763	6521364	22500433	13434	80728	16288	13428	15437	4251	2818	4150	5100	4562	3754	10015	959	907	705	771	2782	2857	2745	2838	0
*	5p	-	7	7400969	4212930	4297704	6588671	22500274	13196	69395	15874	13405	16066	4255	2751	3991	5075	4175	3680	10380	1042	1001	822	892	2913	3057	2668	2807	0
*	5p	-	8	7349693	4206008	4308946	6635542	22500189	12880	61594	15254	13065	12856	4132	2791	3927	5010	4174	3533	10186	1138	1136	897	920	2918	3022	2746	2899	0
*	5p	-	9	7286776	4241640	4312600	6659080	22500096	12853	55978	15121	12754	11681	4024	2684	3904	5005	4036	3579	10098	1332	1273	882	963	3198	3009	2678	2811	0
*	5p	-	10	7233231	4283843	4330194	6652447	22499715	12754	52024	14890	13086	12348	4042	2808	3916	5000	3842	3570	10100	1434	1344	1024	955	3208	3201	2758	2931	0
*	5p	-	11	7214647	4294336	4327811	6662682	22499476	12635	50070	14848	12917	10991	4025	2741	3841	4917	3816	3500	10082	1655	1489	1013	1029	3327	3424	2694	2906	0
*	5p	-	12	7215920	4304670	4334663	6643863	22499116	12572	48914	14617	13105	10429	3997	2742	3844	5027	4082	3458	10170	1758	1670	1034	1168	3494	3304	2935	2981	0
*	5p	-	13	7210903	4292081	4314852	6681161	22498997	12617	49154	14776	12842	8760	3912	2701	3988	5022	4021	3384	10021	1893	1647	1057	1176	3643	3486	2799	2924	0
*	5p	-	14	7200772	4287871	4314219	6695889	22498751	12481	48852	14591	12940	8644	3954	2753	4037	5143	3976	3281	9853	2063	1877	1083	1275	3853	3636	2740	2872	0
*	5p	-	15	7183408	4294456	4314309	6706042	22498215	12429	49292	14489	12703	7849	3896	2702	3978	5204	3919	3324	10014	2259	2045	1129	1169	4031	3655	2895	3064	0
*	5p	-	16	7176276	4294982	4327548	6699264	22498070	12599	49728	14511	12465	7103	3975	2778	3996	5153	3962	3348	9916	2391	2168	1085	1239	4172	3877	2856	2881	0
*	5p	-	17	7184009	4284433	4331612	6697668	22497722	12573	49581	14501	12488	7505	3914	2792	3906	5159	3805	3348	9772	2590	2265	1122	1203	4438	4009	2759	2924	0
*	5p	-	18	7176422	4286402	4325061	6709439	22497324	12427	49898	14447	12421	7726	4015	2736	3763	5237	3811	3404	9764	2798	2355	1142	1259	4697	4034	2877	2928	0
*	5p	-	19	7168775	4276847	4326560	6724979	22497161	12401	49885	14628	12238	7664	4079	2862	3815	5408	3871	3219	9656	2867	2435	1170	1256	4728	4142	2903	2924	0
*	5p	-	20	7171312	4275408	4320076	6729929	22496725	12293	49643	14500	12210	6889	4124	2758	3998	5597	3852	3439	9883	3085	2562	1164	1323	4932	4362	2885	2952	0
*	5p	-	21	7168617	4279090	4321871	6727417	22496995	12359	50879	14737	12333	7771	4076	2755	4050	5419	3951	3213	9853	3295	2544	1206	1294	4901	4383	2675	2907	0
*	5p	-	22	7199539	4254605	4315196	6727429	22496769	12603	51163	14641	12281	7137	4026	2753	3880	5486	3968	3383	9741	3328	2667	1233	1290	5052	4352	2724	2959	0
*	5p	-	23	7222795	4236792	4315108	6721585	22496280	12468	52566	14655	12137	6819	4026	2798	3977	5699	3951	3195	9829	3474	2786	1185	1279	5260	4575	2748	2984	0
*	5p	-	24	7232711	4232179	4321999	6709518	22496407	12527	53725	14748	11996	6693	3966	2767	3837	5528	3976	3235	9919	3592	2824	1183	1327	5265	4440	2801	2935	0
*	5p	-	25	7248907	4223520	4332235	6693219	22497881	12828	54503	14997	12129	7095	4017	2671	4095	5691	4101	3229	9793	3452	2785	1183	1238	5053	4118	2321	2469	0
*	5p	-	26	7286885	4196629	4339126	6677810	22500450	12589	56889	15779	12200	6212	4103	2826	4202	7030	4117	3188	9757	3381	2635	1009	1042	4546	3530	1570	1730	0
*	5p	-	27	7308248	4177655	4357058	6659220	22502181	12759	60372	15927	12078	5637	4064	2975	4275	7214	4096	3286	9880	3226	2501	862	907	4118	3028	1210	1282	0
*	5p	-	28	7310819	4163010	4367179	6662293	22503301	12832	65417	16259	11871	5967	4166	2886	4346	7425	4200	3123	10024	3009	2332	821	817	3723	2776	956	1043	0
*	5p	-	29	7328596	4171348	4348184	6656146	22504274	12933	98956	16961	12164	6141	4511	3143	4419	7835	4364	3408	9959	2947	2251	725	770	3500	2458	744	800	0
*	5p	-	30	7333911	4165230	4326596	6678994	22504731	13159	176628	17232	12150	5921	4958	2887	4602	7551	4604	3379	9629	2854	2067	652	667	3247	2297	670	770	0
*	5p	-	31	6926191	3919976	4075062	6325924	21247153	12396	179723	16450	11050	6294	4462	2679	4128	6969	4002	2978	9015	2650	1967	606	636	2966	2138	624	697	0
*	5p	-	32	6529647	3668142	3829841	5955966	19983596	11488	181750	15841	10394	4969	3905	2541	3684	6711	3486	2742	8317	2486	1774	591	615	2897	2004	588	586	0
*	5p	-	33	6126965	3429989	3586304	5600857	18744115	10700	180896	14331	9514	4715	3479	2233	3314	6121	3234	2363	7890	2295	1669	553	550	2751	1913	494	586	0
*	5p	-	34	5737420	3193986	3350627	5248510	17530543	9994	178465	13571	8808	4748	3357	2022	3184	5549	3009	2268	7190	2149	1498	501	510	2555	1792	488	503	0
*	5p	-	35	5348421	2973751	3117910	4905997	16346079	9131	173435	12632	7995	3783	3056	1713	2895	5308	2747	1882	6799	1972	1497	485	453	2394	1687	429	425	0
*	5p	-	36	4975099	2761895	2900790	4563809	15201593	8663	169134	12168	7423	3500	2957	1719	2784	5163	2590	1806	6370	1776	1381	371	404	2185	1468	383	457	0
*	5p	-	37	4618982	2548860	2691862	4243813	14103517	8116	163165	11088	6770	3104	2741	1617	2525	4578	2447	1800	5950	1656	1223	384	343	1988	1455	332	391	0
*	5p	-	38	4277416	2356807	2491576	3929032	13054831	7258	156176	10216	6204	3129	2508	1510	2400	4263	2241	1582	5371	1461	1157	342	330	1857	1358	347	370	0
*	5p	-	39	3946246	2174523	2299622	3638456	12058847	6704	149875	9756	5989	2743	2345	1430	2322	4008	2145	1420	4965	1336	1025	283	355	1629	1184	280	325	0
*	5p	-	40	3634770	2003018	2115312	3364701	11117801	6343	143449	9124	5489	2841	2326	1377	2249	3663	1981	1473	4679	1207	909	283	281	1458	1046	245	315	0
*	5p	-	41	3337848	1846884	1944009	3102048	10230789	5957	139164	8564	4953	2412	2175	1242	2199	3485	1894	1393	4278	1118	811	242	257	1317	1012	219	277	0
*	5p	-	42	3067157	1697781	1781540	2854732	9401210	5455	135539	8079	4661	2206	2173	1164	1960	3274	1780	1209	4058	990	760	264	228	1164	861	207	252	0
*	5p	-	43	2803891	1552717	1624997	2620423	8602028	5003	126745	7226	4350	2158	1968	1083	1814	2944	1645	1107	3778	899	642	197	253	1008	760	191	219	0
*	5p	-	44	2561920	1416701	1483989	2395523	7858133	4474	118038	6681	4008	1795	1797	1011	1620	2815	1532	1009	3426	867	637	177	185	941	716	186	206	0
*	5p	-	45	2336249	1288601	1355576	2186938	7167364	4219	109274	6154	3471	1923	1617	873	1369	2409	1389	894	3121	705	554	194	196	842	664	159	205	0
*	5p	-	46	2127422	1173041	1234359	1993691	6528513	3799	101222	5542	3183	1413	1443	765	1249	2284	1247	744	2853	643	490	154	164	755	610	128	174	0
*	5p	-	47	1931856	1066670	1123918	1816259	5938703	3439	92741	4999	2785	1334	1398	760	1188	2223	1123	790	2597	556	468	138	149	656	513	126	138	0
*	5p	-	48	1753259	968326	1021753	1652831	5396169	3070	84969	4691	2490	1216	1201	697	1041	1939	1060	692	2328	506	419	128	140	589	486	110	117	0
*	5p	-	49	1588411	882296	926639	1500124	4897470	2736	78200	4264	2338	1013	1111	580	944	1775	955	607	2168	485	335	96	120	505	432	82	107	0
*	5p	-	50	1439567	798727	840624	1360528	4439446	2487	71773	3684	2156	946	1013	552	865	1554	844	550	1882	440	288	101	110	467	420	89	93	0
*	5p	-	51	1301128	723709	761367	1235373	4021577	2214	65341	3309	1866	917	952	483	828	1270	779	503	1687	397	269	92	88	429	376	90	102	0
*	5p	-	52	1176645	655378	686715	1122225	3640963	1993	58979	3086	1690	895	796	411	735	1195	707	459	1559	366	278	72	93	399	359	61	105	0
*	5p	-	53	1064338	593353	621841	1015182	3294714	1864	54427	2873	1517	756	756	363	629	1069	668	359	1433	283	257	74	88	332	318	76	109	0
*	5p	-	54	963194	536117	561536	919987	2980834	1684	48752	2628	1398	660	703	353	575	1031	559	375	1309	285	221	57	66	304	286	58	89	0
*	5p	-	55	866650	486253	508876	833301	2695080	1566	44553	2245	1300	640	586	307	492	956	541	338	1127	258	225	54	59	276	262	44	80	0
*	5p	-	56	783322	439846	460879	752442	2436489	1339	40119	1977	1151	577	525	296	492	757	440	293	1023	259	193	53	59	259	214	41	58	0
*	5p	-	57	706712	398121	416947	681057	2202837	1210	36685	1913	1027	516	467	270	429	742	441	288	859	191	190	54	58	217	194	43	54	0
*	5p	-	58	641014	358635	376717	615385	1991751	1043	32940	1721	964	499	451	240	344	641	417	226	831	171	167	37	45	186	161	27	50	0
*	5p	-	59	578717	324873	341037	555856	1800483	1017	29807	1519	772	488	413	210	356	578	381	216	780	176	135	48	38	182	173	23	43	0
*	5p	-	60	521100	294288	308623	505015	1629026	868	27050	1390	796	414	357	202	309	571	345	196	702	127	126	37	40	155	147	29	38	0
*	5p	-	61	471591	267442	278603	455777	1473413	766	24888	1289	659	390	304	174	286	510	281	197	587	105	95	34	46	163	113	21	43	0
*	5p	-	62	425207	242224	252296	413688	1333415	731	22226	1112	620	328	323	208	273	446	288	170	582	91	78	26	32	109	105	20	34	0
*	5p	-	63	385317	220445	227088	374043	1206893	654	20565	1019	561	314	277	168	252	423	263	157	522	106	75	22	28	100	89	25	32	0
*	5p	-	64	348787	199056	206243	339596	1093682	625	19133	951	538	288	254	153	231	379	221	160	513	99	68	24	28	102	94	12	19	0
*	5p	-	65	314807	180118	186811	306928	988664	572	16930	859	473	231	255	118	221	345	215	139	401	81	64	13	16	98	79	17	14	0
*	5p	-	66	284596	163436	169082	276958	894072	508	15416	742	398	202	226	109	195	307	185	101	387	60	54	20	24	91	63	12	20	0
*	5p	-	67	257129	147976	153154	250720	808979	467	13952	679	369	217	186	101	147	273	165	115	320	65	55	23	18	74	70	11	17	0
*	5p	-	68	232876	133496	138999	226280	731651	392	12284	614	366	180	201	98	120	226	153	86	326	59	56	15	21	75	66	8	16	0
*	5p	-	69	210594	120964	125802	205268	662628	370	11261	556	308	168	166	81	126	217	125	75	280	47	43	14	21	50	50	11	17	0
*	5p	-	70	189753	110115	114564	185928	600360	332	9863	511	269	167	153	76	142	221	132	76	260	57	37	10	12	48	53	14	12	0
