# table produced by mapDamage version 2.2.1
# using mapped file - and /projects/mjolnir1/people/pzx702/wildebeest/refgenomes/BWD_HiC.chr_Human_fossilMito.fasta as reference file
# Chr: reference from sam/bam header, End: from which termini of DNA sequences, Std: strand of reads
Chr	End	Std	Pos	A	C	G	T	Total	G>A	C>T	A>G	T>C	A>C	A>T	C>G	C>A	T>G	T>A	G>C	G>T	A>-	T>-	C>-	G>-	->A	->T	->C	->G	S
*	3p	+	1	208936	130316	121055	216270	676577	533	51825	893	420	152	477	117	236	171	320	120	276	0	0	0	0	0	0	0	0	0
*	3p	+	2	227449	129963	122928	196254	676594	547	25293	724	348	165	283	104	182	172	194	142	301	0	1	0	0	0	0	1	0	0
*	3p	+	3	220462	120985	132633	202531	676611	454	5734	700	314	126	208	95	162	146	167	105	308	1	0	0	0	0	1	0	1	0
*	3p	+	4	225814	120364	131547	198894	676619	427	4015	621	365	121	165	100	153	125	156	110	282	0	0	0	0	0	2	1	2	0
*	3p	+	5	225432	117732	131894	201560	676618	403	3055	492	296	111	121	92	139	132	124	112	272	0	0	2	0	0	4	3	7	0
*	3p	+	6	228314	120169	132778	195209	676470	422	2422	529	358	142	129	78	145	126	143	108	285	2	6	3	1	39	37	46	39	0
*	3p	+	7	225082	123388	129828	198054	676352	396	2253	503	373	141	131	85	128	111	140	103	288	17	24	17	11	75	68	60	78	0
*	3p	+	8	226376	122281	128694	199002	676353	382	1924	477	334	132	142	94	103	102	111	108	270	34	25	36	24	73	75	66	69	0
*	3p	+	9	222317	124972	128979	200058	676326	391	1781	467	367	97	170	75	117	85	130	133	286	50	29	24	22	81	77	77	73	0
*	3p	+	10	220114	126434	128059	201679	676286	384	1665	477	376	119	124	107	126	127	114	103	309	40	40	32	24	84	105	64	99	0
*	3p	+	11	217596	128372	128169	202148	676285	387	1582	446	356	120	114	79	100	134	118	98	283	52	46	45	29	93	95	86	79	0
*	3p	+	12	218823	127578	129004	200879	676284	380	1531	460	379	145	133	78	140	113	115	89	298	49	40	41	27	104	91	71	87	0
*	3p	+	13	218790	127774	127672	202017	676253	387	1459	456	371	117	121	60	116	134	114	115	282	54	49	35	35	113	100	80	92	0
*	3p	+	14	218449	127551	128996	201261	676257	357	1505	467	333	119	131	72	136	117	108	106	324	62	58	38	52	125	89	78	89	0
*	3p	+	15	218801	127912	128770	200748	676231	365	1529	404	366	122	127	98	129	124	116	111	296	54	55	23	37	140	107	72	88	0
*	3p	+	16	217527	128687	128772	201253	676239	369	1552	429	358	118	126	90	100	133	120	130	315	79	57	31	36	134	108	73	84	0
*	3p	+	17	217109	128413	128772	201936	676230	412	1508	423	387	120	93	91	81	124	115	118	280	71	62	20	42	129	131	76	71	0
*	3p	+	18	219021	128228	128360	200622	676231	379	1507	439	376	112	117	78	124	112	111	119	272	70	72	38	35	146	110	67	82	0
*	3p	+	19	218411	128729	128769	200282	676191	360	1493	429	332	129	111	78	139	117	108	112	273	86	86	39	30	152	124	79	92	0
*	3p	+	20	217615	129223	129068	200273	676179	378	1480	443	355	120	112	84	130	140	135	113	261	108	78	34	51	149	113	102	94	0
*	3p	+	21	217215	129299	129055	200594	676163	356	1626	490	369	110	131	86	107	115	134	101	258	101	90	33	41	176	139	84	74	0
*	3p	+	22	217028	129094	129029	201058	676209	374	1669	464	356	127	126	81	126	132	134	101	301	103	87	31	41	154	128	73	71	0
*	3p	+	23	218130	127943	129090	200997	676160	365	1596	475	352	135	144	89	114	115	109	112	262	116	96	28	38	160	155	78	81	0
*	3p	+	24	219824	127858	128464	199985	676131	391	1687	454	384	112	137	82	113	108	129	96	253	121	98	29	34	183	151	89	80	0
*	3p	+	25	220709	127820	128402	199235	676166	421	1697	442	336	135	132	73	115	101	137	114	303	93	89	34	37	180	131	81	77	0
*	3p	+	26	220119	127624	128468	199931	676142	391	1795	437	353	133	121	91	128	133	134	116	267	123	98	32	41	180	139	79	95	0
*	3p	+	27	220721	128241	128878	198393	676233	386	1896	454	329	141	144	96	113	128	131	98	289	117	97	45	33	144	130	62	64	0
*	3p	+	28	221887	127074	128628	198704	676293	416	2002	475	360	127	126	94	118	133	140	116	270	112	78	26	30	143	106	46	45	0
*	3p	+	29	222770	126534	129306	197712	676322	432	2197	456	373	125	169	90	137	132	165	108	293	101	81	23	30	137	106	34	36	0
*	3p	+	30	224547	126410	127524	197903	676384	457	3934	611	378	162	254	116	177	147	253	105	331	88	65	22	23	113	74	30	30	0
*	3p	+	31	212943	120369	121346	188088	642746	447	4072	606	321	148	207	88	165	143	222	112	328	91	65	18	36	107	61	30	25	0
*	3p	+	32	201008	113256	115081	179117	608462	422	3924	547	334	137	209	94	159	137	231	92	267	73	66	21	22	94	66	22	22	0
*	3p	+	33	190931	106685	108220	168890	574726	379	4040	535	333	114	184	94	162	97	198	92	282	53	53	14	17	87	67	16	15	0
*	3p	+	34	179760	100470	102658	158502	541390	377	4035	469	278	141	185	74	163	110	213	91	246	57	48	18	19	85	59	17	21	0
*	3p	+	35	169411	93962	95862	149265	508500	319	4015	415	278	115	169	71	113	105	195	70	265	63	50	16	19	81	49	18	18	0
*	3p	+	36	158478	87996	89774	139857	476105	292	3949	430	243	107	170	55	116	93	195	68	228	52	50	14	19	65	39	21	9	0
*	3p	+	37	148008	81587	83325	131575	444495	282	3723	409	236	83	145	78	105	79	161	76	231	45	55	9	18	51	59	17	13	0
*	3p	+	38	137419	76634	77984	122235	414272	278	3659	383	210	89	170	68	105	63	165	57	207	41	39	11	22	56	51	8	11	0
*	3p	+	39	128160	71018	72365	113903	385446	270	3536	404	206	87	149	58	104	82	162	40	201	34	36	15	16	47	38	10	17	0
*	3p	+	40	118609	65957	67461	105732	357759	250	3398	348	183	88	125	56	108	78	163	43	173	27	36	9	19	51	30	10	15	0
*	3p	+	41	110264	60760	62586	97683	331293	215	3314	334	193	101	153	55	99	72	127	59	180	32	25	4	12	50	35	12	10	0
*	3p	+	42	101762	56419	57530	90682	306393	223	3176	333	174	79	144	45	88	75	143	48	172	25	36	10	10	41	27	9	8	0
*	3p	+	43	93587	51941	52897	84042	282467	223	3075	299	136	78	118	43	96	62	127	44	152	20	28	4	6	29	26	7	4	0
*	3p	+	44	86029	47606	49099	77028	259762	177	2881	274	160	65	122	48	84	57	131	37	128	13	21	6	11	24	24	7	10	0
*	3p	+	45	79552	43826	44776	70613	238767	203	2688	251	137	48	102	52	81	45	119	35	135	20	17	9	5	27	34	3	3	0
*	3p	+	46	72719	40233	41218	65083	219253	176	2528	222	128	52	70	30	60	63	102	23	127	16	19	5	4	20	21	8	6	0
*	3p	+	47	66602	36995	37242	59967	200806	143	2295	211	125	55	97	39	66	45	90	35	118	24	10	3	6	19	22	6	9	0
*	3p	+	48	61211	33669	34449	54680	184009	124	2136	228	87	54	78	34	58	32	108	18	89	15	10	0	8	28	19	3	2	0
*	3p	+	49	55524	30773	31776	50339	168412	127	1940	183	106	37	57	35	55	41	70	26	111	10	10	1	7	23	18	1	8	0
*	3p	+	50	51106	28315	28697	46058	154176	94	1816	162	78	38	84	27	55	34	73	20	83	16	12	1	6	16	13	7	4	0
*	3p	+	51	46718	26053	26508	41764	141043	99	1714	163	83	29	77	33	36	22	78	20	93	7	10	5	4	18	7	3	5	0
*	3p	+	52	42347	23542	24310	38635	128834	104	1518	116	64	48	45	23	39	27	62	22	74	9	7	2	4	10	7	5	5	0
*	3p	+	53	38443	21603	22217	35368	117631	68	1382	102	63	43	63	30	39	21	47	16	64	6	7	4	4	14	12	5	3	0
*	3p	+	54	35447	19840	20037	32236	107560	64	1351	112	53	23	54	12	27	16	55	16	62	6	6	1	1	12	5	2	1	0
*	3p	+	55	32052	18239	18371	29493	98155	73	1248	90	51	19	43	19	30	21	52	16	50	7	7	1	2	7	6	3	0	0
*	3p	+	56	29580	16485	16742	26749	89556	61	1147	110	39	20	30	12	30	14	49	7	53	3	4	1	1	12	4	1	3	0
*	3p	+	57	26777	14977	15287	24650	81691	59	1057	95	36	15	32	18	25	28	46	12	35	8	3	2	3	3	7	3	2	0
*	3p	+	58	24418	13784	13994	22215	74411	41	929	68	50	15	31	9	27	18	39	16	27	7	4	0	1	6	4	6	1	0
*	3p	+	59	22459	12461	12773	20192	67885	50	861	59	33	21	30	21	20	17	29	15	37	3	2	2	2	6	2	3	0	0
*	3p	+	60	20052	11520	11751	18522	61845	39	755	55	38	13	27	11	16	13	25	3	21	5	1	1	1	5	1	0	0	0
*	3p	+	61	18345	10516	10560	17050	56471	37	714	47	24	10	27	9	14	14	25	7	23	3	3	1	1	6	4	1	2	0
*	3p	+	62	16712	9636	9749	15501	51598	48	652	49	32	14	23	8	13	12	30	13	33	3	4	1	2	1	2	0	2	0
*	3p	+	63	15493	8778	8962	14110	47343	31	619	41	17	11	28	5	23	15	22	8	26	3	2	2	0	7	2	0	0	0
*	3p	+	64	14158	8059	8200	12950	43367	36	545	44	14	6	20	9	19	11	28	10	22	4	4	0	0	1	1	0	0	0
*	3p	+	65	12847	7456	7409	11917	39629	31	535	57	20	11	20	6	18	13	26	6	28	2	0	1	1	1	0	1	0	0
*	3p	+	66	11702	6911	6860	10793	36266	27	441	28	16	12	16	10	20	9	22	2	22	0	1	1	0	3	2	0	0	0
*	3p	+	67	10978	6131	6225	9912	33246	19	411	35	19	7	13	9	10	3	12	4	29	2	1	1	1	5	0	0	2	0
*	3p	+	68	9833	5753	5762	9091	30439	19	416	36	18	15	7	5	9	7	17	2	15	5	1	1	1	2	3	0	1	0
*	3p	+	69	8981	5251	5170	8535	27937	21	337	29	13	9	9	1	11	12	21	4	14	1	1	0	0	1	3	1	3	0
*	3p	+	70	8214	4823	4897	7738	25672	19	326	26	17	4	9	7	7	5	15	3	13	1	3	0	0	1	2	0	0	0
*	3p	-	1	208090	130567	121002	215726	675385	531	51629	888	446	176	459	129	235	187	312	99	287	0	0	0	0	0	0	0	0	0
*	3p	-	2	227210	129990	122492	195683	675375	490	25551	762	333	152	301	115	229	162	223	135	278	0	0	0	1	11	2	1	1	0
*	3p	-	3	220959	119563	132356	202467	675345	423	5814	676	333	169	211	108	160	170	191	112	304	4	2	2	0	22	13	6	10	0
*	3p	-	4	225835	119157	131754	198545	675291	454	4006	570	354	135	143	103	166	114	151	85	333	7	3	4	3	60	23	9	15	0
*	3p	-	5	225015	116997	131838	201334	675184	417	3223	518	343	138	139	79	111	125	137	107	298	37	13	7	2	113	55	20	29	0
*	3p	-	6	227613	118845	132751	195849	675058	349	2564	496	339	148	128	110	125	129	136	104	285	48	39	9	10	144	90	55	55	0
*	3p	-	7	224762	122337	130050	197826	674975	372	2150	431	319	129	123	82	113	112	122	104	272	71	52	29	16	150	106	69	102	0
*	3p	-	8	225096	121918	128534	199367	674915	436	1945	446	369	129	122	104	128	122	125	96	302	117	77	36	27	175	143	84	87	0
*	3p	-	9	221273	124293	129241	200137	674944	391	1836	419	367	120	135	97	93	121	133	97	270	117	69	33	37	177	135	72	76	0
*	3p	-	10	218854	126631	128286	201172	674943	375	1692	450	349	133	131	96	104	113	131	101	277	121	87	43	33	152	149	83	80	0
*	3p	-	11	217081	127830	128623	201392	674926	402	1591	434	366	125	138	90	92	124	130	114	297	121	76	19	41	174	130	77	100	0
*	3p	-	12	217972	126724	129447	200771	674914	409	1504	473	347	110	110	93	119	102	109	92	300	133	94	27	33	192	145	86	74	0
*	3p	-	13	217451	127481	128376	201587	674895	397	1452	429	365	146	115	76	106	99	127	109	324	124	81	34	42	188	156	81	87	0
*	3p	-	14	218132	126726	128484	201608	674950	370	1477	441	373	115	142	96	120	121	100	106	282	123	79	38	41	175	142	73	72	0
*	3p	-	15	217981	127233	128956	200765	674935	347	1536	479	362	124	139	102	136	106	116	88	277	123	98	34	32	172	152	72	82	0
*	3p	-	16	216860	127516	128774	201786	674936	344	1569	427	351	141	102	87	115	100	121	113	295	134	85	51	29	167	140	83	87	0
*	3p	-	17	216718	128117	128883	201258	674976	387	1504	441	351	131	138	74	125	121	125	113	318	97	81	33	44	164	106	94	74	0
*	3p	-	18	217561	127600	129103	200720	674984	361	1582	444	355	135	132	106	105	97	128	106	291	110	75	38	35	140	124	84	82	0
*	3p	-	19	217308	127778	129390	200507	674983	345	1508	422	360	163	120	81	122	126	123	86	278	97	81	41	39	133	124	79	95	0
*	3p	-	20	217176	128348	129341	200128	674993	388	1612	453	343	117	125	78	115	93	128	100	305	102	94	35	39	166	109	69	77	0
*	3p	-	21	216298	128247	129894	200531	674970	347	1508	434	397	131	135	82	107	119	105	93	266	91	84	44	46	149	134	81	78	0
*	3p	-	22	217609	127346	129698	200342	674995	366	1603	442	378	138	92	106	118	120	113	96	285	104	83	20	34	137	124	68	89	0
*	3p	-	23	217773	127702	128795	200719	674989	407	1638	446	376	159	121	90	122	118	123	95	296	106	80	33	38	146	112	82	84	0
*	3p	-	24	218973	126865	129185	199989	675012	350	1652	482	375	113	116	75	97	131	112	103	299	93	88	32	36	154	111	61	75	0
*	3p	-	25	219116	126883	129453	199535	674987	347	1655	466	395	135	118	109	121	112	134	125	305	71	71	38	31	127	124	90	85	0
*	3p	-	26	220077	126511	129133	199300	675021	397	1784	435	362	134	122	98	116	108	131	106	299	77	65	38	39	131	132	69	60	0
*	3p	-	27	221279	126997	128754	198122	675152	377	1797	442	373	137	125	75	113	112	142	104	296	85	59	32	32	88	90	32	50	0
*	3p	-	28	221195	127056	129214	197735	675200	380	1967	487	373	120	127	95	148	120	137	124	290	58	71	31	20	72	72	34	35	0
*	3p	-	29	222861	125782	129132	197448	675223	390	2307	507	380	145	174	96	134	135	204	105	358	47	51	19	30	62	75	31	19	0
*	3p	-	30	223146	126162	128050	197890	675248	437	4041	576	428	174	227	125	179	136	274	121	345	51	46	17	20	76	50	18	19	0
*	3p	-	31	211877	119983	121812	187812	641484	445	3997	541	379	138	214	103	204	123	225	112	345	51	49	13	24	57	51	17	29	0
*	3p	-	32	200888	112969	114827	178448	607132	379	4072	578	322	133	197	94	140	87	224	86	295	36	50	23	27	51	55	21	18	0
*	3p	-	33	190264	106372	108353	168733	573722	396	3993	548	343	131	174	96	156	102	203	81	297	49	50	17	8	34	33	15	22	0
*	3p	-	34	179427	99642	102503	158709	540281	362	4069	501	288	125	181	88	142	97	223	61	287	41	38	16	15	30	31	21	17	0
*	3p	-	35	168181	93166	96454	149492	507293	328	3855	460	276	103	176	71	120	78	208	69	273	49	33	15	12	42	28	17	13	0
*	3p	-	36	157910	87456	89870	139763	474999	333	3803	431	225	113	169	76	114	76	185	73	232	36	28	12	12	35	36	11	18	0
*	3p	-	37	147576	81244	84008	131072	443900	307	3635	440	250	102	144	52	110	82	200	58	204	38	27	11	13	33	24	20	15	0
*	3p	-	38	136832	75986	77673	123085	413576	264	3743	404	216	99	132	63	118	76	187	55	243	28	25	11	12	23	26	7	8	0
*	3p	-	39	127500	70936	72526	113220	384182	259	3607	370	192	87	141	59	101	64	158	57	195	21	21	8	5	22	13	9	8	0
*	3p	-	40	118062	65311	67361	105686	356420	255	3382	378	202	76	122	42	105	63	146	56	189	22	24	7	3	24	21	9	8	0
*	3p	-	41	108881	60404	62927	98119	330331	217	3334	347	170	84	139	48	94	62	144	49	173	16	17	5	8	22	18	11	12	0
*	3p	-	42	101720	55898	57647	90416	305681	212	3243	314	176	91	130	39	89	57	145	46	166	17	17	5	7	14	16	7	4	0
*	3p	-	43	93325	51519	53217	83515	281576	200	3002	289	145	71	123	53	99	56	147	53	144	17	16	2	3	9	14	5	6	0
*	3p	-	44	86184	47335	48862	76910	259291	192	2898	264	134	64	115	47	71	54	131	46	134	13	5	4	2	16	14	4	3	0
*	3p	-	45	78694	43595	44904	71219	238412	184	2643	243	129	80	104	37	58	47	115	31	142	10	10	3	3	14	11	3	0	0
*	3p	-	46	72413	39918	41225	65134	218690	157	2418	257	110	56	100	37	61	42	120	32	131	10	11	6	3	8	6	0	4	0
*	3p	-	47	65974	36452	37640	60238	200304	138	2296	241	100	57	101	38	73	43	103	17	114	3	7	3	4	8	10	2	3	0
*	3p	-	48	60507	33451	34512	55039	183509	146	2073	189	100	48	71	29	77	46	102	29	98	8	8	3	3	9	5	1	6	0
*	3p	-	49	55705	30592	31578	50184	168059	118	1937	185	97	53	67	29	47	35	70	23	77	7	9	2	1	9	5	4	4	0
*	3p	-	50	50868	28013	28639	46084	153604	100	1773	161	72	34	55	24	60	37	74	31	94	7	6	2	3	4	5	2	4	0
*	3p	-	51	46224	25516	26465	42173	140378	101	1593	164	70	30	52	27	41	33	61	17	74	7	5	2	2	8	4	5	2	0
*	3p	-	52	42150	23544	24025	38484	128203	87	1573	122	77	32	60	24	48	34	59	21	67	3	3	0	5	9	8	4	0	0
*	3p	-	53	38253	21403	22223	35212	117091	78	1381	120	54	36	57	26	36	19	55	16	75	3	4	1	2	1	4	3	2	0
*	3p	-	54	34996	19431	20057	32378	106862	68	1273	107	62	25	35	17	33	22	59	18	53	3	4	0	2	2	1	3	0	0
*	3p	-	55	32095	17721	18425	29371	97612	59	1232	111	54	19	42	13	26	20	47	16	59	2	2	2	2	2	5	0	2	0
*	3p	-	56	29183	16184	16789	26936	89092	63	1082	96	51	15	42	11	32	22	47	13	50	1	4	0	2	2	2	1	3	0
*	3p	-	57	26582	14766	15234	24735	81317	54	998	100	49	14	42	18	20	18	43	8	53	2	4	0	0	2	2	0	1	0
*	3p	-	58	24387	13499	13934	22441	74261	57	857	88	45	18	39	8	32	14	41	9	46	2	2	0	4	3	1	0	0	0
*	3p	-	59	22174	12246	12891	20436	67747	42	785	81	43	17	31	15	26	15	32	17	40	1	2	0	1	2	2	0	1	0
*	3p	-	60	20263	11188	11702	18750	61903	34	783	70	30	16	27	7	14	13	36	6	38	2	1	0	2	1	1	0	0	0
*	3p	-	61	18424	10432	10527	17075	56458	42	711	46	25	19	20	3	20	10	30	6	25	3	0	0	1	2	5	2	0	0
*	3p	-	62	16671	9484	9896	15570	51621	43	638	57	27	12	22	12	20	8	21	7	32	0	2	1	1	3	0	1	0	0
*	3p	-	63	15412	8629	8862	14438	47341	30	580	38	29	9	21	14	6	6	18	3	34	1	2	0	2	1	1	1	0	0
*	3p	-	64	14006	7906	8270	13195	43377	24	551	41	13	14	20	4	11	13	19	3	22	1	2	1	0	0	1	0	1	0
*	3p	-	65	12782	7297	7557	11958	39594	27	518	45	24	13	22	10	20	10	20	9	25	3	0	1	0	2	0	0	1	0
*	3p	-	66	11747	6552	6942	10960	36201	19	452	47	27	8	15	3	11	6	18	4	23	2	2	0	0	0	1	0	0	0
*	3p	-	67	10687	6095	6282	10004	33068	27	420	21	13	9	5	6	9	8	19	7	23	0	0	0	2	0	0	0	1	0
*	3p	-	68	9706	5662	5631	9243	30242	20	390	24	15	7	12	11	7	8	23	7	17	3	1	1	0	0	1	0	1	0
*	3p	-	69	8927	5177	5175	8368	27647	13	320	28	10	8	10	4	13	4	7	7	12	1	0	2	2	0	0	0	0	0
*	3p	-	70	8162	4724	4721	7723	25330	16	310	30	8	5	15	2	9	4	18	4	19	2	2	0	0	1	0	0	0	0
*	5p	+	1	231567	135475	109768	199796	676606	1108	45032	2482	568	629	1550	348	984	407	1774	168	907	0	0	0	0	0	0	0	0	0
*	5p	+	2	238964	111872	129829	195923	676588	880	8493	1247	538	388	691	225	377	273	835	147	667	0	0	0	0	15	4	7	5	0
*	5p	+	3	237292	116758	134826	187653	676529	552	5460	730	374	183	331	145	231	171	405	115	382	8	4	2	2	41	29	8	14	0
*	5p	+	4	231049	127115	132317	185929	676410	462	3871	615	364	158	214	123	168	139	195	117	269	23	10	7	7	76	67	32	36	0
*	5p	+	5	230615	127113	128409	190082	676219	394	2872	491	327	125	153	101	142	138	144	112	299	51	45	19	22	107	100	104	97	0
*	5p	+	6	226080	127443	127966	194675	676164	422	2457	491	352	136	134	100	122	122	144	125	303	52	63	27	32	161	122	91	96	0
*	5p	+	7	224855	126031	127754	197552	676192	420	2099	477	369	110	133	77	123	97	126	129	274	69	61	27	41	157	129	86	69	0
*	5p	+	8	223710	126410	128187	197896	676203	390	1910	448	313	122	155	97	132	123	133	90	301	64	64	25	33	138	131	76	87	0
*	5p	+	9	221185	127242	128507	199242	676176	403	1785	470	369	119	131	81	119	118	116	107	285	69	71	23	37	169	134	76	81	0
*	5p	+	10	219363	128064	129103	199623	676153	383	1552	439	356	146	114	73	124	106	124	113	291	85	71	34	32	171	151	90	71	0
*	5p	+	11	219203	128989	128863	199142	676197	411	1554	435	373	132	124	95	105	161	115	123	285	94	89	28	39	152	122	77	87	0
*	5p	+	12	218995	129439	129257	198510	676201	371	1486	451	384	122	110	88	126	116	117	113	259	94	105	26	30	149	117	89	82	0
*	5p	+	13	218548	129029	128257	200324	676158	384	1542	405	330	117	111	87	122	127	108	88	250	117	86	39	40	174	158	73	75	0
*	5p	+	14	217507	129068	128530	201076	676181	397	1540	436	397	113	107	86	126	133	122	104	278	106	88	44	37	172	133	72	78	0
*	5p	+	15	216787	129936	128618	200838	676179	403	1542	447	341	114	110	90	121	103	121	103	276	118	92	25	44	179	128	72	78	0
*	5p	+	16	217271	129604	128706	200600	676181	383	1504	446	415	125	132	82	122	134	132	125	277	106	90	26	40	154	130	93	79	0
*	5p	+	17	217622	128681	128792	201097	676192	380	1549	401	375	121	129	78	106	133	105	111	270	102	80	39	59	168	122	75	81	0
*	5p	+	18	217763	129165	128325	200950	676203	335	1504	437	357	124	134	83	104	132	117	94	281	113	85	34	43	153	128	72	81	0
*	5p	+	19	217804	129123	128283	200973	676183	387	1528	444	398	100	124	83	116	121	131	100	301	107	99	31	29	162	127	76	90	0
*	5p	+	20	217294	128947	128701	201233	676175	357	1501	444	373	129	119	81	98	127	116	96	297	117	88	37	47	147	123	91	103	0
*	5p	+	21	217265	128903	128236	201766	676170	384	1585	436	351	122	123	86	112	111	112	108	297	95	91	35	45	169	137	76	87	0
*	5p	+	22	217201	128843	128364	201813	676221	366	1611	469	346	106	139	90	101	115	126	117	255	92	74	38	41	140	116	74	87	0
*	5p	+	23	219176	128302	128195	200559	676232	392	1620	469	345	113	130	72	112	134	111	107	243	101	74	31	46	159	107	65	75	0
*	5p	+	24	218183	128098	129004	200939	676224	396	1582	507	406	124	117	75	122	105	104	116	292	79	76	35	32	145	109	64	97	0
*	5p	+	25	219853	127275	128763	200406	676297	350	1691	473	369	135	128	84	105	144	117	123	257	71	66	41	46	128	90	59	63	0
*	5p	+	26	219657	126702	129299	200738	676396	427	1800	494	351	99	127	93	118	128	127	100	255	82	61	22	36	81	79	42	40	0
*	5p	+	27	220167	126368	129981	199926	676442	361	1803	478	390	135	104	84	134	128	131	129	288	57	40	21	18	60	72	34	30	0
*	5p	+	28	220613	125666	130235	199949	676463	369	1982	469	397	130	141	81	99	108	113	116	317	62	51	23	21	69	59	21	26	0
*	5p	+	29	221373	125776	129905	199416	676470	408	2796	476	349	130	129	79	131	126	139	119	295	43	53	25	21	77	53	13	24	0
*	5p	+	30	221630	125634	128696	200521	676481	396	5004	495	356	130	147	85	127	119	121	132	291	45	48	20	14	73	40	17	22	0
*	5p	+	31	210219	119302	122074	191244	642839	340	5105	441	296	103	132	94	126	99	155	105	277	48	46	22	16	50	46	17	17	0
*	5p	+	32	200109	112481	115551	180404	608545	363	5059	422	315	90	131	70	97	102	125	81	248	41	42	18	16	43	36	18	23	0
*	5p	+	33	188495	105451	109283	171563	574792	362	5169	400	255	84	108	68	102	92	81	87	226	39	34	18	7	46	33	26	16	0
*	5p	+	34	177908	99221	102698	161619	541446	324	5231	383	274	85	103	56	103	71	98	75	217	35	32	11	12	45	38	20	21	0
*	5p	+	35	166906	92724	96639	152307	508576	281	5151	379	217	84	79	59	85	81	85	65	203	36	23	10	15	37	30	11	8	0
*	5p	+	36	156102	86784	90467	142798	476151	250	5118	354	229	80	97	52	101	69	78	76	166	25	26	15	8	28	28	13	15	0
*	5p	+	37	145604	80931	84538	133484	444557	265	4880	344	250	58	83	52	76	84	70	59	166	21	18	9	9	30	29	9	5	0
*	5p	+	38	136329	74880	78865	124246	414320	239	4537	326	174	65	87	44	79	70	87	39	164	24	15	9	8	26	33	8	8	0
*	5p	+	39	125892	69930	73721	115953	385496	238	4650	313	183	60	81	54	72	64	70	49	189	20	23	11	6	27	21	6	6	0
*	5p	+	40	117174	65021	67765	107840	357800	196	4428	271	178	64	82	39	68	62	51	42	162	29	17	6	18	25	26	3	8	0
*	5p	+	41	108133	59836	63218	100160	331347	210	4302	217	159	65	106	39	62	60	51	35	139	24	17	7	10	20	17	5	8	0
*	5p	+	42	99679	55793	57955	92993	306420	205	4204	231	148	54	86	32	62	46	61	39	98	19	12	10	7	18	22	8	9	0
*	5p	+	43	92462	51466	52988	85581	282497	163	3920	229	145	44	66	30	56	56	57	38	121	18	6	3	7	16	10	5	2	0
*	5p	+	44	85452	47016	48664	78650	259782	134	3565	222	132	58	58	34	50	38	56	32	113	15	9	4	3	18	14	5	2	0
*	5p	+	45	78075	43484	44606	72624	238789	156	3427	182	125	43	74	32	54	42	51	27	113	6	11	1	3	10	17	5	7	0
*	5p	+	46	71433	39574	41250	67012	219269	140	3202	165	96	41	49	24	50	39	36	40	90	5	6	2	6	11	14	2	7	0
*	5p	+	47	65435	36488	37785	61122	200830	108	2843	163	101	33	47	12	41	25	45	22	81	10	10	2	3	16	6	3	3	0
*	5p	+	48	59696	33503	34735	56090	184024	113	2663	169	102	34	36	25	36	39	31	35	75	11	10	2	3	16	10	3	4	0
*	5p	+	49	54821	30615	31491	51502	168429	96	2483	119	71	24	48	23	25	35	22	26	79	7	12	3	4	9	8	7	4	0
*	5p	+	50	50238	27751	28913	47293	154195	66	2300	116	47	21	41	16	21	22	20	18	68	7	8	5	1	7	7	2	2	0
*	5p	+	51	45625	25732	26230	43466	141053	86	2129	126	53	23	40	19	34	18	35	25	66	4	5	1	1	10	12	1	0	0
*	5p	+	52	41632	23373	24297	39539	128841	73	1927	114	63	14	38	14	24	18	25	20	53	10	4	1	1	7	7	2	2	0
*	5p	+	53	37957	21484	22105	36105	117651	67	1839	101	53	18	33	16	15	21	25	15	50	10	10	5	2	9	5	1	1	0
*	5p	+	54	34525	19878	20122	33034	107559	59	1676	88	53	10	23	7	18	14	24	14	39	6	4	5	4	7	3	2	5	0
*	5p	+	55	31661	17791	18474	30232	98158	59	1499	87	35	14	22	12	22	14	17	4	49	6	3	0	5	4	5	1	1	0
*	5p	+	56	28891	16128	16790	27755	89564	50	1425	74	31	11	14	13	18	16	26	12	33	3	6	1	1	9	1	0	2	0
*	5p	+	57	26112	14960	15339	25281	81692	42	1242	52	36	15	22	6	16	17	20	10	27	1	1	1	2	6	6	2	1	0
*	5p	+	58	23979	13561	13703	23176	74419	49	1176	52	55	14	16	13	17	6	16	6	28	4	2	1	0	5	4	0	1	0
*	5p	+	59	21904	12318	12727	20938	67887	35	1089	44	32	10	12	2	9	7	8	4	17	2	3	0	2	3	4	2	1	0
*	5p	+	60	19655	11348	11624	19214	61841	35	1016	41	30	11	14	10	20	16	15	6	22	3	1	3	2	4	3	0	2	0
*	5p	+	61	18008	10210	10726	17530	56474	38	864	38	22	9	13	6	8	5	12	8	28	0	2	0	0	6	2	0	0	0
*	5p	+	62	16244	9522	9719	16107	51592	24	794	40	15	6	18	4	12	12	15	7	21	1	2	2	1	4	2	2	1	0
*	5p	+	63	15036	8670	8835	14799	47340	29	732	25	26	5	15	7	10	9	6	9	13	3	1	0	0	6	3	1	0	0
*	5p	+	64	13764	8121	8113	13363	43361	30	716	34	17	13	8	2	3	6	12	5	16	2	1	0	0	0	2	4	1	0
*	5p	+	65	12695	7282	7398	12249	39624	17	608	27	27	6	13	2	5	5	10	2	23	1	2	1	0	1	3	1	1	0
*	5p	+	66	11654	6666	6845	11099	36264	17	553	39	12	8	10	7	6	8	6	1	9	0	4	1	0	1	5	0	0	0
*	5p	+	67	10555	6186	6242	10264	33247	15	519	29	12	5	5	2	4	5	5	4	8	1	1	0	0	1	1	1	1	0
*	5p	+	68	9657	5701	5707	9378	30443	27	467	20	12	3	7	1	7	7	4	4	15	0	0	0	0	0	0	0	1	0
*	5p	+	69	8797	5217	5199	8727	27940	14	422	16	10	3	6	6	7	8	8	8	15	0	4	0	0	3	0	1	0	0
*	5p	+	70	8200	4731	4714	8025	25670	11	452	22	8	2	4	1	4	5	2	1	6	1	2	0	0	2	0	1	0	0
*	5p	-	1	231000	134273	110395	199685	675353	1114	44161	2523	567	616	1459	366	972	381	1725	190	942	0	0	0	0	0	0	0	0	0
*	5p	-	2	238130	111046	130465	195734	675375	878	8359	1330	520	401	682	202	383	267	859	125	623	0	0	0	0	0	0	0	0	0
*	5p	-	3	235771	116516	135665	187433	675385	569	5340	765	394	188	302	158	201	181	416	102	401	0	0	0	0	1	2	2	1	0
*	5p	-	4	230395	126604	131713	186673	675385	452	3794	562	416	147	220	112	156	135	217	121	302	1	2	0	1	4	5	5	3	0
*	5p	-	5	230185	127207	128156	189549	675097	408	2896	501	360	133	149	79	164	134	195	110	313	20	15	20	13	82	79	80	69	0
*	5p	-	6	225377	126447	127695	195562	675081	408	2521	511	368	128	119	94	122	103	147	114	315	23	16	23	23	87	90	74	78	0
*	5p	-	7	223850	125129	128612	197496	675087	370	2115	488	385	114	126	91	125	127	119	123	315	30	30	25	24	86	96	78	64	0
*	5p	-	8	222299	125525	128655	198641	675120	400	1907	468	400	148	128	86	112	125	115	120	292	32	38	24	25	86	71	63	71	0
*	5p	-	9	220583	126640	128329	199519	675071	392	1823	470	380	120	117	85	116	111	117	107	286	42	44	26	31	100	81	77	84	0
*	5p	-	10	219047	127827	128707	199478	675059	392	1633	448	373	125	114	94	120	110	146	99	275	45	55	23	27	91	107	78	77	0
*	5p	-	11	218388	128443	128823	199431	675085	362	1556	423	352	112	100	83	132	101	121	100	318	49	54	32	31	101	95	65	67	0
*	5p	-	12	218725	128176	128815	199366	675082	329	1486	454	385	132	116	102	111	112	136	116	294	47	50	32	27	97	81	67	87	0
*	5p	-	13	218286	128252	128651	199887	675076	374	1519	469	360	157	132	77	142	104	122	105	279	68	44	35	34	99	76	75	88	0
*	5p	-	14	217453	127883	129215	200509	675060	370	1501	420	400	110	108	89	123	97	140	115	277	62	75	39	37	90	102	81	81	0
*	5p	-	15	216486	128631	129477	200426	675020	351	1552	431	368	126	131	85	103	117	109	111	325	66	54	27	28	130	97	84	82	0
*	5p	-	16	216923	128704	128903	200491	675021	369	1559	451	350	124	141	91	128	99	115	91	292	73	59	43	36	118	106	79	89	0
*	5p	-	17	217498	128522	128806	200194	675020	388	1600	431	348	126	122	88	125	114	105	84	282	80	68	42	32	137	103	74	79	0
*	5p	-	18	216658	128795	128786	200780	675019	362	1492	414	346	137	115	89	109	106	128	74	266	101	75	23	42	141	115	57	81	0
*	5p	-	19	216929	128931	128394	200754	675008	349	1540	492	351	134	122	91	125	110	119	99	300	98	79	34	35	134	120	76	75	0
*	5p	-	20	216825	127426	128536	202198	674985	368	1524	468	367	104	114	73	113	94	121	99	272	88	76	31	49	143	134	82	70	0
*	5p	-	21	216809	127897	128913	201355	674974	369	1610	418	375	130	117	91	128	95	126	101	313	91	73	28	31	129	126	89	95	0
*	5p	-	22	216917	127685	128865	201540	675007	369	1609	490	378	128	128	90	120	114	135	100	294	105	109	31	35	143	121	60	83	0
*	5p	-	23	217398	127935	129088	200509	674930	369	1643	429	365	124	123	99	106	114	130	105	254	105	91	28	35	146	181	85	71	0
*	5p	-	24	218113	127023	129237	200571	674944	384	1639	421	363	120	121	89	123	119	109	95	288	101	71	38	35	159	138	72	100	0
*	5p	-	25	218500	126687	129210	200597	674994	405	1710	415	354	128	112	94	103	108	116	104	327	101	79	36	34	167	129	63	60	0
*	5p	-	26	218542	125888	130115	200513	675058	394	1777	435	346	124	123	86	115	128	135	117	262	113	73	24	30	133	103	56	63	0
*	5p	-	27	220538	125173	129854	199540	675105	365	1838	421	354	125	126	98	131	109	128	104	294	114	87	28	23	137	93	45	32	0
*	5p	-	28	219730	124912	130471	200019	675132	411	2013	501	352	138	126	103	100	119	129	86	305	108	78	16	26	119	100	27	32	0
*	5p	-	29	220494	124861	130226	199563	675144	393	2946	474	325	170	141	88	120	145	134	93	298	90	68	26	23	118	88	27	32	0
*	5p	-	30	220327	125219	129182	200447	675175	392	5008	474	363	131	153	103	123	127	135	102	302	107	66	31	16	112	74	18	28	0
*	5p	-	31	209751	118177	122392	191122	641442	341	5112	478	337	121	138	79	128	111	104	89	259	101	68	19	24	102	54	18	19	0
*	5p	-	32	198545	111644	115852	181039	607080	347	5071	418	341	113	136	82	101	106	99	88	294	75	46	19	19	100	59	16	18	0
*	5p	-	33	188149	105244	109475	170748	573616	321	5229	406	300	91	117	76	90	84	119	65	235	77	54	17	13	95	66	19	22	0
*	5p	-	34	176795	99081	102557	161787	540220	286	5125	389	267	81	100	79	100	86	95	78	246	83	52	16	22	74	52	9	16	0
*	5p	-	35	165880	92671	96522	152155	507228	292	5175	377	241	95	104	60	91	87	92	64	214	84	47	18	11	68	54	18	18	0
*	5p	-	36	155575	86406	90208	142730	474919	249	4986	343	249	88	105	55	95	64	78	71	202	65	38	10	16	79	57	18	21	0
*	5p	-	37	145277	80317	84211	134031	443836	244	4933	304	178	79	91	44	81	59	64	63	152	53	45	12	13	85	44	10	12	0
*	5p	-	38	135325	74272	78918	124996	413511	233	4639	299	199	80	90	46	66	65	74	49	165	50	35	7	9	66	37	13	9	0
*	5p	-	39	126036	69562	72860	115669	384127	205	4494	285	189	64	89	39	56	61	79	49	156	35	26	13	11	56	27	11	10	0
*	5p	-	40	116488	64083	67499	108314	356384	232	4439	287	171	44	79	39	48	72	64	43	145	30	31	14	11	50	32	8	5	0
*	5p	-	41	107860	59863	62419	100155	330297	196	4267	249	163	55	83	39	39	45	91	52	135	33	32	6	9	39	32	13	9	0
*	5p	-	42	99337	55584	58360	92357	305638	185	4240	236	124	52	62	48	58	46	61	49	134	37	31	10	13	42	29	7	4	0
*	5p	-	43	91688	51163	53334	85344	281529	168	3935	229	148	46	62	36	50	59	49	36	135	27	21	6	8	46	22	2	10	0
*	5p	-	44	84949	46433	48816	79067	259265	137	3659	202	125	50	64	29	63	39	43	43	114	23	18	5	7	33	18	6	7	0
*	5p	-	45	77649	43039	45261	72421	238370	135	3523	196	128	43	58	22	50	36	42	40	120	31	22	4	1	35	25	4	8	0
*	5p	-	46	71501	39490	41064	66586	218641	122	3203	182	105	51	51	22	37	32	47	33	84	24	20	4	3	34	24	3	8	0
*	5p	-	47	65098	36259	37829	61090	200276	99	2932	159	93	37	36	20	44	36	33	28	93	22	12	5	9	20	23	5	7	0
*	5p	-	48	59658	32846	34946	56041	183491	110	2715	135	93	30	30	17	34	25	29	19	81	22	18	10	1	24	16	5	1	0
*	5p	-	49	54434	30424	31934	51248	168040	95	2494	130	64	28	40	22	32	24	38	19	75	16	19	3	7	21	17	2	7	0
*	5p	-	50	49710	27662	29108	47095	153575	89	2355	132	77	22	41	19	28	24	25	19	47	14	7	2	4	23	12	5	5	0
*	5p	-	51	45747	25360	26280	42972	140359	55	2147	121	83	22	26	13	23	17	30	12	65	10	13	3	4	14	15	5	6	0
*	5p	-	52	41503	23256	24290	39135	128184	80	2000	98	53	20	37	20	29	24	21	18	58	11	10	2	8	18	11	7	4	0
*	5p	-	53	37814	21004	22148	36104	117070	70	1704	89	57	15	25	24	18	19	24	21	55	8	12	3	2	15	9	5	2	0
*	5p	-	54	34391	19283	20080	33083	106837	51	1571	76	43	23	31	9	26	17	26	13	50	8	6	0	3	9	15	4	4	0
*	5p	-	55	31624	17643	18323	30002	97592	59	1483	81	54	18	25	14	16	13	19	19	46	8	9	4	2	12	14	1	3	0
*	5p	-	56	28614	16162	16765	27544	89085	48	1420	66	45	18	21	10	11	20	15	9	41	11	7	0	5	8	6	2	1	0
*	5p	-	57	26072	14821	15270	25147	81310	45	1252	62	41	15	27	12	15	7	21	8	28	11	4	4	3	8	4	0	2	0
*	5p	-	58	23693	13420	13856	23286	74255	42	1134	42	34	12	19	8	13	16	23	8	33	11	5	1	3	5	5	0	2	0
*	5p	-	59	21676	12241	12904	20916	67737	37	1030	60	33	9	17	6	12	9	11	13	29	5	7	1	0	8	5	3	1	0
*	5p	-	60	19628	11357	11680	19226	61891	38	1016	45	28	8	18	5	6	8	12	5	29	8	2	1	0	8	5	2	0	0
*	5p	-	61	17836	10296	10703	17617	56452	36	864	48	28	15	11	6	9	7	10	6	20	5	5	3	2	6	7	2	0	0
*	5p	-	62	16271	9610	9802	15932	51615	24	857	32	29	11	8	9	11	2	10	6	27	4	5	1	0	3	4	1	2	0
*	5p	-	63	15222	8653	8693	14763	47331	22	727	41	18	6	15	9	7	6	9	9	20	7	4	3	1	4	6	1	2	0
*	5p	-	64	13956	7939	8165	13313	43373	27	688	34	17	7	13	3	4	9	11	6	17	5	4	1	0	4	3	0	1	0
*	5p	-	65	12527	7271	7411	12384	39593	20	680	29	22	11	12	5	7	8	5	5	18	1	2	0	1	3	2	1	0	0
*	5p	-	66	11440	6599	6922	11235	36196	26	538	25	16	11	7	3	6	8	9	9	12	1	0	0	0	2	1	1	4	0
*	5p	-	67	10438	6110	6209	10309	33066	19	556	24	19	6	4	2	3	5	8	11	13	1	0	0	1	2	2	2	0	0
*	5p	-	68	9576	5394	5774	9500	30244	16	463	22	17	3	6	3	6	7	6	7	10	3	3	0	0	2	1	0	0	0
*	5p	-	69	8791	5037	5251	8559	27638	19	436	16	11	7	6	5	6	2	4	3	11	1	4	2	0	4	3	3	0	0
*	5p	-	70	8090	4635	4681	7920	25326	11	347	23	8	6	5	2	1	5	6	3	10	2	0	0	0	2	2	0	1	0
