# table produced by mapDamage version 2.2.1
# using mapped file - and /projects/mjolnir1/people/pzx702/wildebeest/refgenomes/BWD_HiC.chr_Human_fossilMito.fasta as reference file
# Chr: reference from sam/bam header, End: from which termini of DNA sequences, Std: strand of reads
Chr	End	Std	Pos	A	C	G	T	Total	G>A	C>T	A>G	T>C	A>C	A>T	C>G	C>A	T>G	T>A	G>C	G>T	A>-	T>-	C>-	G>-	->A	->T	->C	->G	S
*	3p	+	1	7718676	4725805	4346207	7926368	24717056	19386	1880925	34059	16264	6450	17982	4746	8695	9461	11827	3699	11091	0	0	0	0	0	0	0	0	6
*	3p	+	2	8378572	4719662	4376114	7242965	24717313	18893	928101	27921	14065	7028	10813	4401	7516	10354	8654	4103	10909	3	2	1	2	1	1	0	0	6
*	3p	+	3	8164645	4351188	4748003	7453841	24717677	16102	203881	26618	13853	6505	7247	3804	6217	9164	6981	3920	11841	5	4	3	0	6	8	6	9	4
*	3p	+	4	8373479	4295397	4731516	7317312	24717704	15624	140390	21632	13222	6126	6038	3344	5690	10263	5788	3653	11782	2	4	7	8	43	62	54	77	0
*	3p	+	5	8410420	4207955	4743648	7355273	24717296	14805	109491	20309	13544	6283	5319	3472	5160	8555	5331	3945	11834	23	41	25	30	194	211	160	212	0
*	3p	+	6	8484304	4320377	4744562	7162762	24712005	14875	88498	18938	12730	5396	4773	3178	5252	8399	5084	3706	11391	109	137	98	94	1569	1530	1427	1617	0
*	3p	+	7	8356266	4415349	4674726	7260795	24707136	14307	77842	17735	13118	5563	4849	3006	4556	7331	4737	3944	11209	691	704	573	594	2778	2780	2597	2908	0
*	3p	+	8	8385288	4375297	4622888	7322410	24705883	14066	68435	18567	12841	5541	4673	2831	4501	6889	4742	3747	11325	1131	1127	949	968	3274	3292	2818	2925	0
*	3p	+	9	8254610	4462672	4641539	7346242	24705063	14290	62412	17503	13210	5498	4755	2831	4611	6895	4801	3854	11333	1381	1344	974	1065	3653	3411	2877	3271	0
*	3p	+	10	8173331	4529286	4627709	7374385	24704711	13925	58029	16361	12928	5438	4796	2853	4454	7091	4542	3716	11232	1606	1505	1001	1121	3715	3616	3129	3116	0
*	3p	+	11	8106042	4558893	4646253	7393262	24704450	13715	55484	16504	13074	5558	4667	2940	4415	6972	4634	3701	11513	1841	1627	1147	1189	3917	3662	3001	3172	0
*	3p	+	12	8121324	4548841	4660459	7373358	24703982	13975	53878	16100	13176	5464	4712	2966	4418	7073	4504	3837	11623	1962	1816	1209	1215	4164	3746	3155	3245	0
*	3p	+	13	8095734	4560073	4635518	7412243	24703568	13704	52828	16165	13053	5681	4555	3101	4267	6844	4550	3800	11284	2239	1881	1169	1213	4321	3989	3102	3230	0
*	3p	+	14	8117432	4557848	4656006	7372048	24703334	13899	52494	15948	13057	5319	4679	2906	4329	6583	4398	3780	11413	2395	2120	1170	1386	4627	4044	3138	3181	0
*	3p	+	15	8109448	4573959	4650490	7368993	24702890	13964	53432	16066	14432	6711	4741	2941	4599	7557	4610	4414	11414	2697	2269	1236	1380	4853	4172	3073	3332	0
*	3p	+	16	8083016	4589480	4630558	7399398	24702452	13562	53607	15882	13081	5511	4751	3043	4227	6552	4509	3786	11164	2942	2299	1338	1401	5213	4238	3164	3256	0
*	3p	+	17	8061348	4605135	4624767	7410722	24701972	13631	53637	15665	13112	5347	4702	2888	4443	6418	4573	3799	11036	3117	2508	1237	1465	5468	4474	3140	3264	0
*	3p	+	18	8084404	4588894	4637188	7390872	24701358	13676	53641	15865	12761	5456	4661	2888	4847	7551	4414	3759	11126	3334	2687	1277	1397	5734	4749	3187	3293	0
*	3p	+	19	8073231	4610115	4644179	7373443	24700968	13804	54257	15861	13102	5553	4644	2910	4252	6218	4539	3797	11256	3544	2896	1324	1463	6092	4875	3152	3228	0
*	3p	+	20	8062128	4614248	4646543	7377527	24700446	13573	54530	16375	12944	5891	4696	2963	4723	6083	4551	3693	11490	3787	3034	1314	1468	6205	5130	3145	3376	0
*	3p	+	21	8051614	4620666	4645451	7382644	24700375	13369	55753	15980	13749	6509	4611	2999	4293	5546	4501	4121	11337	3898	3193	1286	1459	6251	5136	3147	3409	0
*	3p	+	22	8068657	4607856	4644326	7379248	24700087	13464	55815	15694	13060	5572	4549	2856	4288	5832	4514	3683	11298	4102	3227	1344	1490	6487	5279	3173	3280	0
*	3p	+	23	8092068	4587510	4639156	7381150	24699884	13880	57133	15962	14169	7143	4645	2973	4374	6096	4500	4491	11110	4229	3233	1366	1464	6598	5204	3196	3422	0
*	3p	+	24	8121979	4575393	4639212	7362884	24699468	13736	58759	15883	13097	6043	4648	2917	4362	6203	4470	3711	11224	4356	3414	1368	1488	6805	5539	3115	3378	0
*	3p	+	25	8141074	4573936	4637722	7346761	24699493	13917	60434	16011	12829	6219	4576	2893	4345	6925	4412	3780	11331	4347	3478	1350	1462	6777	5485	3246	3294	0
*	3p	+	26	8169639	4586265	4623917	7319724	24699545	13970	62336	15769	13123	7399	4587	2946	4473	5109	4611	3817	11176	4360	3502	1305	1444	6567	5455	3287	3407	0
*	3p	+	27	8188987	4601296	4627274	7285685	24703242	14178	65823	16260	13208	7923	4946	2938	4429	4805	4948	3922	11232	4360	3334	1373	1473	5803	4633	2240	2348	0
*	3p	+	28	8224531	4580385	4636615	7264415	24705946	14498	71407	17212	13768	8581	5393	3135	4634	5020	5715	4154	11456	4116	3090	1124	1290	5161	3913	1531	1692	0
*	3p	+	29	8264531	4555637	4638260	7249090	24707518	16076	83003	19746	14540	10443	7276	3595	5533	5814	8152	4386	12657	3727	2917	1004	1027	4794	3360	1266	1266	0
*	3p	+	30	8293563	4569433	4596421	7249582	24708999	19132	148859	26362	14742	11606	12708	4362	8620	6290	14742	4248	15103	3560	2621	850	885	4183	3034	918	1027	0
*	3p	+	31	7841047	4312830	4331936	6862885	23348698	18062	152084	25364	13590	11506	12370	3960	8154	5611	14238	3879	14166	3212	2445	729	843	3893	2825	826	864	0
*	3p	+	32	7391187	4043765	4080574	6463646	21979172	16743	151594	23897	12773	10334	11621	3688	7805	5177	13868	3380	13240	2977	2335	624	791	3498	2609	706	800	0
*	3p	+	33	6957551	3777860	3826025	6072878	20634314	15934	151838	23339	12366	10395	11299	3535	7476	5064	13067	3466	12549	2788	2018	640	675	3207	2378	619	718	0
*	3p	+	34	6517298	3524384	3575313	5696902	19313897	14834	149534	22161	11046	9387	10863	3347	6975	4604	12723	3048	11934	2340	1847	569	592	3034	2216	613	626	0
*	3p	+	35	6094613	3273022	3334105	5321856	18023596	14009	145785	21083	10213	8777	10496	3044	6606	4379	12058	2688	11104	2214	1671	543	515	2684	2039	568	619	0
*	3p	+	36	5674105	3043296	3099228	4955482	16772111	13421	141688	19963	9971	8999	9620	2979	6294	4106	11538	2847	10467	1996	1615	490	565	2455	1814	514	516	0
*	3p	+	37	5264439	2827389	2865143	4612754	15569725	12275	137829	18396	9062	7559	9078	2666	5929	3895	10990	2343	9838	1807	1415	431	453	2186	1657	406	461	0
*	3p	+	38	4869385	2621688	2653645	4271619	14416337	11523	132385	17406	8418	7026	8678	2508	5595	3913	10489	2186	9327	1766	1304	389	423	1926	1511	398	424	0
*	3p	+	39	4496884	2414033	2454710	3954838	13320465	10707	127105	16151	7788	6509	8339	2324	5200	3466	9762	2112	8576	1447	1200	355	396	1744	1370	374	416	0
*	3p	+	40	4144161	2227448	2263896	3647698	12283203	10186	122150	15332	7413	6330	7798	2281	5023	3083	9469	1949	8049	1319	1063	346	333	1470	1219	317	360	0
*	3p	+	41	3807428	2049766	2087954	3358058	11303206	9460	116915	14422	6743	5959	7407	2105	4838	3106	9032	1840	7732	1148	884	304	286	1300	1169	303	284	0
*	3p	+	42	3498807	1883860	1916270	3086700	10385637	9107	115995	13899	6344	5691	7315	2053	4785	3037	8849	1742	7404	1062	839	226	263	1244	994	274	263	0
*	3p	+	43	3204178	1717403	1753275	2829246	9504102	8241	108318	12709	6078	5478	6903	1897	4364	2703	7908	1709	6540	927	746	224	245	1081	873	254	255	0
*	3p	+	44	2928881	1566245	1601672	2585268	8682066	7419	100325	11717	5482	4713	6403	1705	3981	2488	7322	1446	6079	832	660	194	221	938	837	247	223	0
*	3p	+	45	2673407	1426848	1459082	2361869	7921206	6961	92370	10708	5179	4638	5789	1642	3755	2269	6804	1513	5711	724	585	198	216	876	760	201	197	0
*	3p	+	46	2433101	1299974	1328387	2154953	7216415	6298	85870	9735	4452	3896	5348	1409	3549	1938	6367	1203	5028	673	570	169	207	727	685	177	211	0
*	3p	+	47	2211333	1180941	1208723	1965386	6566383	5643	79080	8877	3957	3557	4892	1262	3130	1808	5886	1121	4633	548	511	137	165	687	541	191	165	0
*	3p	+	48	2009240	1074018	1097023	1788150	5968431	5138	72482	7994	4047	3367	4458	1121	2881	1746	5447	1096	4040	558	428	136	128	597	535	138	139	0
*	3p	+	49	1822481	975093	993860	1628026	5419460	4702	66581	7424	3330	2977	3966	1051	2577	1487	4920	854	3837	474	429	114	131	516	476	124	130	0
*	3p	+	50	1648610	885895	904534	1476793	4915832	4345	61743	6513	3415	2892	3652	1024	2308	1481	4443	1025	3380	435	367	106	121	477	420	129	94	0
*	3p	+	51	1492248	801610	822137	1340158	4456153	3747	55848	6053	2792	2379	3262	905	2195	1168	3992	762	3181	386	324	105	105	402	407	89	110	0
*	3p	+	52	1349845	728094	743329	1213608	4034876	3531	51349	5452	2686	2242	2935	828	1942	1191	3600	756	2857	341	290	72	90	331	347	86	89	0
*	3p	+	53	1222056	658616	673244	1098891	3652807	3125	46610	4872	2294	1906	2728	745	1755	1064	3311	620	2564	282	263	62	85	314	283	68	81	0
*	3p	+	54	1106214	594530	610794	994622	3306160	2946	42215	4543	2001	1800	2381	664	1526	995	3005	523	2257	270	206	65	70	280	236	76	60	0
*	3p	+	55	998544	538280	552451	901632	2990907	2560	37867	4019	1858	1553	2184	591	1476	843	2764	479	2147	220	210	65	76	271	200	50	55	0
*	3p	+	56	903272	487587	498737	816901	2706497	2410	34650	3632	1640	1411	2075	583	1241	809	2414	464	1895	211	179	56	65	206	188	51	54	0
*	3p	+	57	814320	443875	450234	740210	2448639	2033	31319	3189	1611	1365	1771	506	1231	703	2225	480	1785	156	165	41	43	190	154	53	39	0
*	3p	+	58	736047	400681	408694	669585	2215007	1895	28526	2841	1375	1182	1579	445	967	677	1948	374	1538	141	148	35	35	126	142	52	29	0
*	3p	+	59	664738	363156	368574	607604	2004072	1655	26076	2661	1350	1100	1495	382	958	623	1806	362	1441	118	119	26	31	131	100	32	30	0
*	3p	+	60	600786	329502	334696	548294	1813278	1578	23670	2365	1184	934	1320	385	822	506	1635	318	1276	119	95	25	42	114	96	37	29	0
*	3p	+	61	544003	299003	301316	496830	1641152	1382	21562	2175	1072	835	1190	335	761	522	1502	276	1171	100	79	13	28	74	73	21	17	0
*	3p	+	62	491170	270650	273569	450718	1486107	1287	19957	1994	925	778	1020	294	655	431	1305	241	1044	77	62	19	26	93	90	25	15	0
*	3p	+	63	443805	245723	248273	408149	1345950	1165	18005	1763	906	753	958	284	658	423	1206	263	926	72	70	17	19	71	76	24	21	0
*	3p	+	64	401069	222145	226173	370950	1220337	1088	16891	1624	873	717	969	250	615	393	1157	247	893	67	46	19	26	57	58	19	17	0
*	3p	+	65	364238	201351	203248	335335	1104172	964	15182	1448	682	616	810	240	574	345	953	198	861	60	49	12	16	56	51	24	7	0
*	3p	+	66	327948	182049	184668	304165	998830	895	13636	1354	660	539	735	188	492	300	922	160	699	56	33	14	15	51	64	18	9	0
*	3p	+	67	297125	164768	167629	274248	903770	794	12426	1204	603	498	669	198	411	311	837	164	690	34	48	15	23	49	58	18	10	0
*	3p	+	68	268313	150030	150951	249218	818512	718	10962	1104	518	430	628	150	405	260	737	148	598	45	32	15	16	40	43	13	6	0
*	3p	+	69	242236	137106	136879	225047	741268	615	9913	990	564	483	532	159	386	237	654	153	565	37	29	12	16	39	42	13	13	0
*	3p	+	70	220087	124663	123562	203846	672158	573	9119	889	448	337	529	132	296	200	618	98	489	37	26	15	14	31	33	12	8	0
*	3p	-	1	7700307	4704884	4356779	7931133	24693103	19364	1873796	34168	16424	6284	17869	4738	8556	9473	11620	3613	11173	0	0	0	0	0	0	0	0	12
*	3p	-	2	8354518	4704945	4381448	7251707	24692618	18981	925594	28133	13850	7091	10650	4420	7641	10183	8654	4003	11198	1	1	3	2	332	175	81	75	11
*	3p	-	3	8147928	4332913	4754466	7456560	24691867	16261	204031	26240	13665	6578	7046	3800	6176	9126	6918	3894	11900	114	63	32	25	863	512	186	224	4
*	3p	-	4	8352486	4276907	4740461	7319622	24689476	15360	141348	22038	13196	5947	5800	3457	5623	10336	5802	3661	11605	387	210	89	71	2356	1171	395	453	2
*	3p	-	5	8385332	4186917	4751957	7362290	24686496	14912	109119	20328	13572	6186	5131	3499	5006	8494	5068	4014	11688	1257	653	227	212	3550	2194	767	939	0
*	3p	-	6	8460144	4299915	4752649	7168673	24681381	14572	88854	18758	13013	5461	4695	3198	5179	8443	4908	3673	11394	2138	1246	446	392	5211	3445	1804	2179	0
*	3p	-	7	8329619	4402204	4677361	7267690	24676874	14246	77842	17925	12845	5344	4624	2944	4528	7152	4802	3720	11127	2930	2068	886	832	6205	4881	2884	3218	0
*	3p	-	8	8363756	4359302	4628910	7323746	24675714	14253	68504	18677	12761	5547	4635	2946	4502	6946	4635	3774	11241	3646	2687	1092	1151	6726	5267	3012	3356	0
*	3p	-	9	8225517	4448597	4648089	7353402	24675605	14248	62855	17380	13065	5503	4596	2889	4506	6743	4747	3668	11511	3813	3094	1211	1222	6761	5369	3051	3340	0
*	3p	-	10	8148099	4511007	4642993	7373546	24675645	13832	57720	16253	13025	5544	4632	2915	4482	6907	4586	3804	11657	4046	3225	1341	1307	6594	5421	3193	3285	0
*	3p	-	11	8081525	4541948	4652635	7399520	24675628	13706	55608	16316	12866	5752	4595	2949	4425	7119	4609	3723	11643	4300	3188	1299	1346	6544	5459	3109	3329	0
*	3p	-	12	8096818	4530157	4671648	7377120	24675743	13881	53736	16099	12687	5516	4530	2877	4473	7138	4587	3827	11401	4269	3344	1283	1402	6486	5452	3077	3417	0
*	3p	-	13	8068884	4544743	4640775	7421339	24675741	13795	53234	16125	13054	5588	4588	2979	4300	6922	4578	3780	11149	4421	3245	1307	1489	6500	5489	3089	3261	0
*	3p	-	14	8100795	4539595	4662236	7373436	24676062	13897	52500	15898	12971	5283	4623	2947	4255	6583	4558	3672	11205	4553	3347	1315	1484	6611	5256	3061	3217	0
*	3p	-	15	8087538	4554423	4659139	7374843	24675943	13776	53178	16145	14126	6718	4742	3042	4545	7700	4486	4480	11262	4520	3440	1319	1441	6607	5346	3028	3280	0
*	3p	-	16	8059637	4575068	4643914	7397394	24676013	13662	53404	15558	13103	5471	4549	3058	4289	6350	4633	3663	11206	4466	3307	1338	1435	6457	5375	3075	3281	0
*	3p	-	17	8042921	4585454	4633841	7413748	24675964	13483	53465	15586	13063	5446	4537	2827	4246	6304	4570	3653	11344	4162	3338	1299	1458	6437	5229	3210	3362	0
*	3p	-	18	8067697	4571163	4646688	7390518	24676066	13659	53239	15749	12961	5543	4627	2956	4661	7473	4544	3579	11347	4138	3287	1308	1487	6407	5161	3117	3449	0
*	3p	-	19	8056022	4591310	4650594	7378476	24676402	13555	54396	15745	12997	5690	4765	2885	4097	6117	4564	3672	11258	4069	3245	1365	1436	6083	5138	3208	3369	0
*	3p	-	20	8046155	4592619	4655120	7382787	24676681	13639	54604	16477	13188	6196	4625	2965	4643	6060	4457	3806	11263	3946	3167	1370	1420	6050	5160	3036	3265	0
*	3p	-	21	8028758	4605910	4655811	7386202	24676681	13399	55318	15975	13896	6314	4684	2876	4305	5476	4479	4029	11700	3835	3065	1310	1519	5930	5114	3082	3394	0
*	3p	-	22	8047415	4591237	4651820	7386496	24676968	13688	56210	15475	13261	5747	4701	2953	4275	5620	4398	3765	11079	3672	3099	1303	1579	5664	5111	3149	3298	0
*	3p	-	23	8076796	4566544	4646832	7386979	24677151	13786	56763	16170	14218	7269	4761	3103	4252	6121	4624	4431	11157	3585	2926	1317	1421	5635	4850	3183	3367	0
*	3p	-	24	8107526	4555182	4648439	7366570	24677717	13709	58551	15901	12696	6075	4633	3063	4268	6096	4713	3742	11026	3371	2805	1283	1449	5359	4772	2964	3364	0
*	3p	-	25	8123154	4560219	4643874	7350941	24678188	13850	59876	16020	13039	6217	4577	2960	4317	6788	4700	3704	11205	3179	2718	1306	1489	4982	4595	3175	3228	0
*	3p	-	26	8148076	4569274	4638219	7323400	24678969	13938	62248	16029	13151	7458	4532	2941	4258	4917	4668	3790	11271	2916	2610	1324	1359	4691	4262	3121	3110	0
*	3p	-	27	8166476	4585937	4636109	7295051	24683573	14056	65785	16296	13274	7782	4807	3097	4540	4790	5034	3806	11591	2774	2506	1253	1349	3485	3220	1885	1988	0
*	3p	-	28	8208724	4565230	4644288	7267981	24686223	14730	71551	16864	13597	8594	5373	3233	4693	5141	5798	4115	11572	2217	2044	996	1122	2827	2538	1197	1335	0
*	3p	-	29	8245819	4539176	4646997	7255578	24687570	16129	82450	19704	14850	10626	7414	3647	5561	5720	8390	4355	12836	2090	1759	749	887	2404	2132	983	992	0
*	3p	-	30	8278435	4552067	4604460	7253465	24688427	18893	148954	26229	14689	11537	12560	4430	8637	6331	14832	4068	15011	1847	1585	677	801	2031	1830	812	917	0
*	3p	-	31	7822628	4295719	4343585	6869121	23331053	17626	151523	25107	13775	11530	12190	4077	8200	5614	14032	3547	14376	1579	1410	651	704	1876	1765	685	725	0
*	3p	-	32	7373230	4025807	4091884	6470244	21961165	16824	151790	23916	12433	10401	11700	3746	7813	5081	13587	3412	13615	1476	1234	559	567	1717	1539	646	679	0
*	3p	-	33	6944445	3762569	3829089	6079490	20615593	16013	151218	23158	12365	10384	11137	3562	7378	5138	12909	3425	12664	1293	1131	516	542	1504	1352	579	591	0
*	3p	-	34	6504521	3510675	3582583	5699459	19297238	15012	148941	22071	10968	9076	10824	3195	6997	4635	12604	2770	12144	1230	1043	482	478	1380	1197	518	533	0
*	3p	-	35	6077419	3260827	3345375	5325128	18008749	13946	146001	20680	10429	8914	10299	3030	6666	4272	12087	2778	11339	1140	980	433	492	1236	1119	408	458	0
*	3p	-	36	5664143	3030332	3102527	4961081	16758083	13334	141160	19988	10055	8966	9767	2879	6434	4147	11459	2821	10477	1032	825	403	418	1087	1098	402	447	0
*	3p	-	37	5251188	2817602	2870940	4616274	15556004	12223	136302	18415	8987	7629	9448	2704	6017	3743	11121	2253	9886	931	791	388	380	1015	960	344	405	0
*	3p	-	38	4859029	2606747	2662786	4277221	14405783	11485	132270	17227	8522	6866	8828	2531	5635	3899	10329	2184	9184	769	685	315	322	904	845	337	366	0
*	3p	-	39	4485635	2404825	2461305	3958720	13310485	10855	126627	15903	7855	6413	8352	2300	5307	3425	9882	2141	8435	717	641	278	342	759	726	302	313	0
*	3p	-	40	4135328	2217159	2268932	3654052	12275471	10138	121672	15182	7351	6493	7923	2155	5026	2910	9504	1920	8077	637	598	277	266	666	652	257	292	0
*	3p	-	41	3800889	2040268	2090392	3365353	11296902	9684	117350	14449	6572	5959	7451	2049	4831	3107	9239	1793	7554	561	521	225	258	614	627	221	263	0
*	3p	-	42	3488541	1876881	1924850	3090870	10381142	9010	115779	13810	6453	5680	7355	2115	4728	2905	8879	1695	7172	540	420	194	236	533	568	203	254	0
*	3p	-	43	3197683	1708412	1759122	2832685	9497902	8392	107758	12858	5934	5505	6832	1834	4568	2734	8178	1660	6863	432	378	169	208	487	497	179	209	0
*	3p	-	44	2922857	1559973	1605212	2589379	8677421	7559	99442	11683	5392	4774	6253	1703	4063	2492	7487	1456	6128	414	358	161	191	386	397	183	195	0
*	3p	-	45	2664551	1419705	1465177	2367753	7917186	7046	92674	10650	5138	4792	5731	1546	3841	2198	6892	1483	5560	331	315	141	182	360	370	133	159	0
*	3p	-	46	2429694	1292422	1330725	2161815	7214656	6255	85498	9615	4523	3941	5296	1423	3400	2056	6515	1158	5137	295	278	154	173	358	323	109	137	0
*	3p	-	47	2208169	1175714	1212437	1968027	6564347	5721	78626	8876	4019	3628	4831	1330	3121	1783	5979	1097	4688	266	238	112	136	296	274	133	135	0
*	3p	-	48	2004860	1068936	1101040	1791553	5966389	5076	72435	8004	3925	3369	4554	1171	2870	1756	5355	1155	4134	246	231	105	103	235	269	98	121	0
*	3p	-	49	1817240	970878	999311	1629223	5416652	4654	66731	7447	3370	2970	3931	1056	2554	1562	4958	919	3793	201	186	92	112	225	249	86	106	0
*	3p	-	50	1645667	882247	908054	1477695	4913663	4365	61106	6468	3416	2894	3663	1028	2396	1410	4503	1040	3437	219	176	68	93	212	213	95	93	0
*	3p	-	51	1488474	799644	824380	1341093	4453591	3725	55798	6051	2736	2423	3316	843	2111	1167	4143	713	3198	162	146	72	95	163	173	75	82	0
*	3p	-	52	1349104	722926	745506	1215506	4033042	3527	50361	5540	2560	2261	3049	828	1926	1188	3732	716	2871	161	142	65	72	161	168	60	51	0
*	3p	-	53	1218654	653667	677703	1100692	3650716	3218	46020	4960	2238	1953	2644	732	1815	1039	3321	614	2597	133	122	52	62	119	153	55	73	0
*	3p	-	54	1102517	591738	612170	997276	3303701	2786	41880	4318	2082	1731	2373	715	1558	903	2971	537	2383	121	112	47	55	126	134	57	57	0
*	3p	-	55	994741	535771	554713	904704	2989929	2488	37983	3897	1900	1521	2172	602	1477	847	2793	465	2124	114	98	39	61	84	132	41	38	0
*	3p	-	56	900462	485908	501651	816404	2704425	2291	34532	3558	1641	1431	1972	534	1243	729	2521	433	1936	82	66	52	45	81	92	45	46	0
*	3p	-	57	813941	439759	453559	739533	2446792	2216	31441	3336	1620	1438	1801	510	1137	688	2231	448	1849	95	66	25	41	70	90	36	33	0
*	3p	-	58	735171	398690	409734	670416	2214011	1893	28434	2983	1332	1197	1575	421	966	605	2085	393	1643	75	50	22	39	65	73	28	36	0
*	3p	-	59	664422	359351	370238	608822	2002833	1685	25633	2587	1368	1135	1468	381	942	516	1858	361	1454	81	47	21	22	58	54	21	36	0
*	3p	-	60	600327	327272	335557	549606	1812762	1527	23404	2432	1126	1042	1290	368	836	527	1717	298	1363	45	48	23	27	49	51	25	18	0
*	3p	-	61	541686	296327	303155	499271	1640439	1377	21445	2134	1030	854	1210	309	757	487	1478	276	1161	57	44	18	45	47	41	21	29	0
*	3p	-	62	490603	268156	274850	451998	1485607	1287	19490	1964	955	765	1074	300	692	433	1361	302	1043	43	32	22	22	45	38	23	20	0
*	3p	-	63	444052	242720	250463	408203	1345438	1101	17862	1705	889	765	964	286	625	396	1228	262	1023	36	40	10	24	34	24	14	14	0
*	3p	-	64	402112	220224	226709	370801	1219846	1092	16939	1611	884	718	894	244	570	386	1148	263	865	35	42	17	12	30	31	15	18	0
*	3p	-	65	363722	200042	203801	336030	1103595	994	15078	1470	733	581	784	215	554	324	1058	193	774	36	25	13	24	32	29	14	6	0
*	3p	-	66	328322	181593	185073	302792	997780	894	13426	1329	655	537	718	247	502	285	895	180	783	22	27	6	22	22	25	14	9	0
*	3p	-	67	297509	163895	167078	274232	902714	812	12113	1170	537	526	652	180	423	271	849	171	651	21	18	5	23	32	22	3	15	0
*	3p	-	68	267467	149419	151598	248559	817043	669	10723	1064	520	453	595	151	401	233	770	142	602	20	19	9	14	12	28	4	9	0
*	3p	-	69	241844	135665	136955	225565	740029	617	9840	931	549	461	539	154	355	229	678	154	571	20	23	8	6	17	21	4	2	0
*	3p	-	70	219124	123382	124403	204085	670994	574	9003	897	433	351	447	137	314	233	653	124	451	14	10	4	11	18	13	6	3	0
*	5p	+	1	8636091	4934298	3881689	7265097	24717175	65563	1600688	139514	33201	46845	104910	20019	65425	23619	128060	9780	51915	0	0	0	0	0	0	0	0	29
*	5p	+	2	8837157	4052167	4654277	7172689	24716290	43961	308252	66330	23516	32986	43893	9898	20786	13777	55977	6158	33051	0	2	3	3	557	332	150	178	28
*	5p	+	3	8767439	4234336	4841383	6871469	24714627	24155	193231	31974	16634	15940	17804	5717	10054	8196	22087	4323	17532	275	192	113	95	1330	881	436	488	4
*	5p	+	4	8529069	4602960	4747444	6831351	24710824	17117	133179	22720	15081	13099	8936	4009	6044	6103	9642	4113	12130	689	562	343	282	2799	2119	1129	1069	0
*	5p	+	5	8525298	4633350	4609579	6933731	24701958	15680	103228	18931	14255	9581	6117	3244	4997	5006	6779	3749	11430	1776	1547	973	911	5196	4193	3301	3417	0
*	5p	+	6	8348733	4606313	4598346	7147145	24700537	14779	88210	17780	13984	10460	4776	3213	4465	5363	5090	4299	11461	2402	2065	973	976	5735	4923	3413	3502	0
*	5p	+	7	8302453	4550282	4618871	7228980	24700586	14206	76296	16781	13547	9983	4780	2972	4341	4981	4651	4125	11308	3073	2404	1094	1122	5928	5074	3274	3324	0
*	5p	+	8	8252073	4542574	4627315	7278774	24700736	14284	67673	16217	13738	9032	4525	2903	4479	5022	4578	4235	11572	3637	2616	1139	1221	6047	4861	3206	3377	0
*	5p	+	9	8186921	4575515	4633784	7304633	24700853	14078	61342	15946	13491	8242	4596	2858	4263	5072	4510	4046	11463	3681	2851	1250	1233	6096	4820	3170	3307	0
*	5p	+	10	8129096	4609689	4655435	7306554	24700774	13834	57199	16019	13570	8458	4508	2942	4228	5001	4431	4103	11381	3756	2917	1249	1293	6027	5022	3109	3335	0
*	5p	+	11	8107699	4624926	4659429	7308602	24700656	13852	54728	16140	13594	7873	4487	3275	4211	5365	4354	4112	11256	3891	3016	1257	1362	6105	5055	3145	3323	0
*	5p	+	12	8108267	4639295	4657005	7295950	24700517	13603	53646	15583	13542	7876	4512	2870	4336	5081	4443	3975	11430	4069	3125	1221	1384	6294	5006	3198	3274	0
*	5p	+	13	8098104	4626436	4632370	7343414	24700324	13774	53785	15410	13329	6851	4674	2929	4368	5129	4437	3792	11438	4136	3187	1295	1379	6278	5213	3153	3276	0
*	5p	+	14	8081571	4623104	4627119	7368775	24700569	13762	53805	15509	13552	6803	4493	2820	4189	5199	4508	3884	11333	4177	3255	1355	1427	6140	5217	3057	3320	0
*	5p	+	15	8053141	4632658	4626252	7388269	24700320	13790	53838	15308	13382	6581	4647	2912	4245	5278	4472	3918	11393	4099	3331	1247	1480	6332	5202	3127	3333	0
*	5p	+	16	8051490	4634291	4630984	7383312	24700077	13653	54131	15505	13281	5997	4609	2903	4175	5190	4448	3907	11168	4189	3305	1316	1454	6499	5190	3297	3258	0
*	5p	+	17	8061765	4619374	4641031	7378070	24700240	13669	54810	15534	13284	6000	4635	2824	4201	5242	4507	3859	11187	4346	3305	1320	1443	6410	5328	3089	3251	0
*	5p	+	18	8046589	4624172	4636567	7393062	24700390	13495	54984	15471	13275	6166	4482	2966	4172	5184	4441	3863	11228	4239	3357	1285	1484	6309	5148	3254	3221	0
*	5p	+	19	8045776	4612066	4630854	7411826	24700522	13782	54699	15405	13198	6258	4666	2924	4182	5177	4495	3972	11363	4050	3229	1248	1461	6296	5162	3082	3260	0
*	5p	+	20	8046390	4606937	4629947	7417343	24700617	13423	55262	16179	13387	6034	4726	3288	4368	5937	4515	3951	11203	3951	3255	1350	1558	6144	5079	3161	3320	0
*	5p	+	21	8042661	4608997	4635808	7413214	24700680	13547	55468	15768	13158	6481	4548	2814	4202	5456	4544	3785	11141	3829	3147	1342	1398	5937	5050	3298	3353	0
*	5p	+	22	8071535	4589833	4629502	7410283	24701153	13653	56669	15462	13238	6119	4651	2841	4363	5430	4572	3939	11073	3754	3015	1302	1456	5942	4935	3046	3243	0
*	5p	+	23	8103027	4572884	4623766	7401883	24701560	13699	57080	15775	12995	5622	4790	2850	4133	5497	4464	3842	11227	3570	3026	1264	1432	5793	4882	2923	3158	0
*	5p	+	24	8114947	4561292	4635547	7390440	24702226	14134	58560	15833	13168	5593	4674	2806	4333	5561	4456	3936	11159	3298	2813	1343	1431	5395	4642	2834	3213	0
*	5p	+	25	8129767	4553350	4642825	7379181	24705123	13949	60073	16214	12819	5820	4684	2823	4442	5663	4684	3867	11242	3119	2626	1198	1260	4502	3846	2278	2558	0
*	5p	+	26	8171140	4526398	4650854	7360540	24708932	13874	62804	16864	13281	5924	4673	3004	4505	6546	4655	3837	11289	2738	2120	965	1004	3467	2955	1386	1562	0
*	5p	+	27	8189563	4503998	4672345	7344705	24710611	13950	65739	16822	12944	5551	4769	2987	4726	6638	4741	3803	11484	2374	1954	780	939	3031	2462	1030	1155	0
*	5p	+	28	8188293	4493020	4683420	7347086	24711819	14368	71549	17316	12966	5749	4883	2935	4612	6791	4696	3885	11464	2202	1778	679	770	2641	2072	806	854	0
*	5p	+	29	8210353	4499808	4655955	7346302	24712418	14036	107596	17676	13007	5614	5097	2971	4795	7034	4977	3910	11215	1938	1604	632	742	2361	1917	731	773	0
*	5p	+	30	8206267	4496961	4638686	7371036	24712950	14533	191700	18375	13113	5621	5781	3079	4859	6989	5383	3803	11360	1783	1449	655	712	2119	1771	642	694	0
*	5p	+	31	7762237	4234511	4370558	6985092	23352398	13323	196049	17609	11987	5492	5224	2709	4434	6239	4711	3407	10381	1674	1347	557	637	1870	1605	565	642	0
*	5p	+	32	7318879	3971129	4111174	6581423	21982605	12537	197202	16284	11104	4687	4455	2454	4094	5884	4143	3070	9341	1559	1281	510	538	1692	1406	517	570	0
*	5p	+	33	6875943	3714264	3854991	6192097	20637295	11639	197533	15548	10376	4375	4200	2245	3776	5755	3805	2795	9036	1356	1131	499	555	1634	1316	459	515	0
*	5p	+	34	6439488	3464933	3599763	5812501	19316685	10976	194981	14780	9757	4282	3852	1925	3435	5251	3510	2543	8214	1265	1018	421	499	1472	1185	443	470	0
*	5p	+	35	6008719	3231277	3355662	5430631	18026289	10175	190435	13878	8895	3785	3682	1951	3234	5014	3171	2323	7763	1077	940	410	475	1269	1105	415	446	0
*	5p	+	36	5595752	2997355	3122002	5059446	16774555	9465	185465	13120	8279	3482	3365	1783	3027	4617	3018	2177	7307	1079	815	361	396	1121	1032	343	385	0
*	5p	+	37	5197860	2771780	2897564	4704616	15571820	8893	178886	11950	7764	2849	3183	1690	2875	4565	2796	2126	6798	958	783	326	336	1031	897	311	389	0
*	5p	+	38	4812084	2562531	2683995	4359651	14418261	8181	172158	11410	7166	2755	3000	1647	2611	4471	2668	1882	6448	831	700	275	333	912	797	295	338	0
*	5p	+	39	4440373	2364276	2481892	4035706	13322247	7521	165062	10621	6699	2480	2803	1533	2494	4243	2453	1767	6020	768	654	247	278	845	771	257	267	0
*	5p	+	40	4085006	2181079	2279211	3739391	12284687	7265	158075	9991	6232	2355	2779	1357	2326	4069	2376	1666	5496	692	617	233	248	740	683	246	251	0
*	5p	+	41	3753771	2010575	2096876	3443399	11304621	6703	153377	9241	5740	2270	2637	1205	2306	3599	2263	1547	5137	625	547	228	245	684	550	196	219	0
*	5p	+	42	3445670	1851845	1920923	3168473	10386911	6140	150446	8977	5338	2121	2580	1249	2174	3595	2143	1333	4842	537	506	173	198	630	530	191	191	0
*	5p	+	43	3150792	1692950	1753196	2908309	9505247	5524	140119	8142	4656	2004	2313	1174	2036	2997	2005	1263	4388	495	419	159	228	531	454	175	182	0
*	5p	+	44	2877074	1541912	1602516	2661497	8682999	5101	129376	7251	4319	1654	2077	1047	1755	2913	1873	1115	4002	419	427	160	175	483	477	186	154	0
*	5p	+	45	2624874	1406419	1462311	2428490	7922094	4475	120570	6766	3975	1471	1985	946	1576	2534	1599	1045	3610	394	387	152	160	459	399	137	148	0
*	5p	+	46	2390902	1278897	1331795	2215546	7217140	4077	111453	6077	3505	1402	1778	845	1468	2334	1554	876	3190	383	325	122	137	432	360	133	128	0
*	5p	+	47	2172602	1164889	1211304	2018203	6566998	3741	102235	5506	3354	1201	1570	756	1307	2303	1358	875	3049	335	297	109	115	394	317	106	136	0
*	5p	+	48	1971978	1057159	1102871	1837014	5969022	3345	94070	5075	2875	1091	1489	729	1150	1905	1292	778	2668	296	233	104	102	341	268	94	95	0
*	5p	+	49	1786987	961719	1000647	1670601	5419954	3037	86551	4586	2718	989	1289	617	1082	1890	1120	670	2397	229	240	117	103	294	255	96	81	0
*	5p	+	50	1619512	872272	908293	1516218	4916295	2790	78301	4157	2472	919	1275	569	945	1701	1024	620	2252	206	182	77	100	260	225	82	89	0
*	5p	+	51	1467585	789190	822005	1377832	4456612	2592	71867	3710	2151	821	1039	514	868	1536	942	546	1961	200	181	73	95	214	194	61	64	0
*	5p	+	52	1325751	717986	743122	1248377	4035236	2306	66278	3297	1883	721	1040	437	768	1389	776	518	1806	198	182	68	89	193	178	54	61	0
*	5p	+	53	1201374	649102	670907	1131694	3653077	2027	59924	2969	1851	625	893	415	755	1286	779	439	1697	179	164	70	79	176	157	64	62	0
*	5p	+	54	1084628	588052	606616	1027084	3306380	1886	53922	2763	1693	551	875	408	658	1174	648	413	1536	167	149	48	64	159	161	46	45	0
*	5p	+	55	979878	532926	549320	928958	2991082	1621	49164	2507	1508	509	753	352	605	1063	601	337	1348	154	112	45	61	160	126	42	52	0
*	5p	+	56	885404	481656	499308	840254	2706622	1528	44599	2296	1276	478	642	311	561	970	550	371	1150	126	123	49	45	134	139	44	47	0
*	5p	+	57	799306	436804	451997	760652	2448759	1398	40355	2062	1178	433	602	291	514	860	467	320	1142	108	88	35	46	138	94	38	41	0
*	5p	+	58	724059	393943	408204	688893	2215099	1191	36536	1839	1048	393	583	257	449	835	452	265	1015	98	86	28	36	103	95	35	21	0
*	5p	+	59	653615	357224	370372	622917	2004128	1154	33120	1668	1001	393	541	265	408	721	417	255	829	85	73	41	35	87	93	29	25	0
*	5p	+	60	589930	323891	336072	563441	1813334	1045	29980	1467	878	319	434	218	360	672	394	228	850	79	59	25	39	79	60	36	32	0
*	5p	+	61	533921	294457	301974	510766	1641118	944	27164	1370	779	334	442	208	353	616	307	192	721	72	60	21	22	76	77	43	21	0
*	5p	+	62	483698	267096	272185	463155	1486134	812	24825	1216	742	294	368	221	338	527	314	192	677	65	58	17	31	73	76	24	18	0
*	5p	+	63	436596	242491	246796	420091	1345974	713	22858	1183	694	278	297	212	282	513	267	182	600	50	54	22	22	59	53	26	19	0
*	5p	+	64	396163	220299	224724	379137	1220323	715	21205	1061	589	229	319	142	257	429	220	181	590	40	45	13	18	68	49	19	21	0
*	5p	+	65	359002	198477	203199	343493	1104171	599	19035	962	612	227	269	171	236	396	241	185	535	39	32	19	19	46	43	19	17	0
*	5p	+	66	322755	180094	183671	312308	998828	565	17087	860	508	184	268	131	214	367	201	124	462	36	29	10	18	46	46	17	17	0
*	5p	+	67	291662	163567	167639	280903	903771	542	15438	753	441	166	222	123	196	314	196	123	420	29	21	11	19	33	51	20	15	0
*	5p	+	68	264921	147675	151645	254251	818492	427	13661	748	410	151	207	111	170	278	178	104	390	33	27	9	18	49	34	12	16	0
*	5p	+	69	239074	134486	137431	230294	741285	420	12420	642	373	142	180	85	170	287	160	90	348	37	22	10	21	33	27	12	10	0
*	5p	+	70	216226	122493	124507	208915	672141	378	11219	567	334	106	174	70	162	221	168	80	309	37	22	11	17	32	32	9	6	0
*	5p	-	1	8619746	4912252	3895745	7265123	24692866	65831	1593478	138512	33327	46612	104615	19886	65799	23403	128501	9678	52406	0	0	0	0	0	0	0	0	2
*	5p	-	2	8813771	4034906	4663122	7181378	24693177	43799	307656	65856	23585	32592	43691	9872	20807	13471	56221	5930	33146	1	0	1	2	1	7	5	5	2
*	5p	-	3	8744272	4219664	4852191	6877265	24693392	24058	192972	31574	16499	16323	17774	5682	10273	8283	22263	4347	17569	3	2	2	4	31	43	38	27	2
*	5p	-	4	8515065	4584005	4758628	6835441	24693139	17140	133581	22864	15202	13220	9136	4036	6241	6098	10004	4123	12485	19	25	22	20	138	170	149	160	0
*	5p	-	5	8509665	4619462	4617345	6935948	24682420	15568	102919	19017	14049	9609	6170	3186	5027	5268	6928	3798	11426	746	867	807	708	2686	2809	2955	3053	0
*	5p	-	6	8329354	4591630	4600725	7159388	24681097	14729	87691	18286	13897	10498	4906	3149	4385	5399	5333	4221	11465	991	995	894	886	3162	3238	3257	3238	0
*	5p	-	7	8287861	4532172	4624845	7236121	24680999	14141	75903	17020	13517	10113	4596	2965	4438	4941	4731	4011	11294	1143	1173	951	940	3318	3455	3037	3236	0
*	5p	-	8	8235124	4526001	4636653	7283112	24680890	14180	67486	16551	13461	8991	4551	3005	4240	5102	4698	4106	11413	1286	1238	983	978	3472	3498	2998	3237	0
*	5p	-	9	8170703	4556917	4646419	7306604	24680643	14177	61102	16098	13650	8196	4581	2958	4371	5022	4404	4030	11473	1446	1391	995	1098	3540	3605	3067	3283	0
*	5p	-	10	8108028	4594040	4668724	7309749	24680541	13973	56802	15658	13517	8422	4641	2889	4296	4866	4488	4110	11505	1549	1538	985	1186	3706	3766	3001	3139	0
*	5p	-	11	8091384	4603288	4666873	7318880	24680425	13897	54718	16032	13681	8107	4561	3154	4231	5301	4611	4135	11215	1790	1675	1111	1164	3803	3725	3014	3209	0
*	5p	-	12	8089474	4617230	4670259	7303217	24680180	13775	53687	15715	13354	7718	4427	2927	4283	4976	4533	3925	11488	1969	1762	1129	1285	3888	3834	3051	3229	0
*	5p	-	13	8078308	4608865	4641364	7351229	24679766	13973	53672	15400	13249	7124	4398	3006	4249	5048	4510	3774	11332	2177	1924	1167	1243	4102	3931	3048	3301	0
*	5p	-	14	8062860	4600990	4636382	7379046	24679278	13652	53786	15460	13384	6729	4637	2826	4293	5006	4500	3816	11463	2254	2154	1180	1351	4396	3997	3167	3361	0
*	5p	-	15	8031820	4616845	4635257	7395150	24679072	13538	54200	15642	13698	6649	4692	2926	4213	5102	4468	3829	11355	2606	2222	1177	1353	4548	4180	3133	3267	0
*	5p	-	16	8038228	4613642	4640836	7385945	24678651	13672	54101	15520	13467	6035	4656	2966	4232	5081	4421	3997	11258	2739	2330	1253	1407	4855	4342	3091	3263	0
*	5p	-	17	8042089	4607355	4646752	7381953	24678149	13680	54797	15306	13290	6243	4565	2922	4211	5149	4577	3776	11076	2957	2514	1236	1417	5223	4490	3070	3275	0
*	5p	-	18	8030798	4605911	4644522	7396652	24677883	13577	54979	15457	13137	6204	4480	2935	4219	5186	4545	3793	11121	3105	2548	1213	1399	5365	4595	3112	3245	0
*	5p	-	19	8025820	4594042	4641963	7415851	24677676	13622	54555	15350	13061	6373	4687	2912	4238	5411	4578	3801	11247	3358	2742	1284	1437	5430	4793	3028	3277	0
*	5p	-	20	8026817	4588703	4644623	7417110	24677253	13769	54891	15939	13065	5966	4627	3245	4264	6003	4484	3954	11395	3509	2887	1259	1479	5732	4787	3087	3347	0
*	5p	-	21	8027701	4589033	4642839	7417366	24676939	13428	55190	15270	13072	6308	4674	2946	4208	5212	4521	3852	11292	3730	2839	1364	1444	5887	4992	3087	3295	0
*	5p	-	22	8050399	4570580	4638093	7417628	24676700	13344	56168	15461	12929	6045	4467	2958	4058	5276	4626	3776	11165	3847	3053	1370	1460	6046	5125	3108	3221	0
*	5p	-	23	8086076	4552830	4636485	7401144	24676535	13708	56868	15624	12969	5742	4505	2833	4332	5288	4533	3662	11459	4019	3183	1435	1491	6246	5117	3008	3291	0
*	5p	-	24	8095429	4542045	4647163	7392069	24676706	13706	58373	15885	13008	5696	4509	2741	4201	5386	4499	3780	11215	4136	3274	1330	1450	6251	5017	3037	3178	0
*	5p	-	25	8107603	4537250	4649170	7384265	24678288	13848	60319	15970	13057	6016	4555	2908	4174	5526	4605	3793	11526	4202	3157	1285	1405	5818	4811	2478	2794	0
*	5p	-	26	8142976	4511002	4660485	7366386	24680849	13841	62324	16682	13027	5993	4491	2926	4501	6525	4550	3764	11294	3978	3022	1077	1169	5420	4089	1776	2039	0
*	5p	-	27	8168157	4487214	4677613	7350148	24683132	14026	65667	17065	12971	5491	4832	2980	4437	6597	4619	3763	11431	3810	2783	941	1000	4845	3518	1281	1386	0
*	5p	-	28	8167614	4476810	4688807	7350827	24684058	14052	71284	17300	12936	5668	4867	3128	4429	6720	4721	3735	11419	3660	2593	850	932	4576	3374	964	1093	0
*	5p	-	29	8185431	4484977	4660698	7354135	24685241	14403	107802	17565	12910	5537	4977	3080	4791	7193	4995	3697	11166	3417	2508	755	834	4192	2942	803	915	0
*	5p	-	30	8183676	4480424	4644535	7376952	24685587	14591	191587	18627	12959	5680	5800	3120	4849	7046	5336	3786	11410	3296	2381	732	798	4043	2830	780	815	0
*	5p	-	31	7744506	4220583	4374121	6988977	23328187	13510	196169	17527	12100	5464	5153	2715	4423	6217	4654	3332	10691	2996	2223	693	748	3788	2680	668	734	0
*	5p	-	32	7301023	3955498	4115610	6586410	21958541	12586	196420	16360	11039	4787	4621	2403	4024	5968	4115	3082	9700	2889	1999	645	635	3532	2452	577	669	0
*	5p	-	33	6857600	3697675	3861748	6195869	20612892	11746	197103	15353	10149	4174	4051	2195	3719	5733	3763	2678	9099	2755	1979	549	642	3264	2318	551	617	0
*	5p	-	34	6423493	3447527	3607859	5815740	19294619	11113	194447	14692	9565	4260	3898	2027	3532	5157	3390	2547	8255	2524	1815	506	576	2975	2104	485	590	0
*	5p	-	35	5993555	3214126	3361496	5436908	18006085	10114	189585	13963	8893	4028	3713	1973	3213	4956	3181	2322	7897	2359	1673	516	476	2844	2053	454	543	0
*	5p	-	36	5580059	2984014	3128006	5063584	16755663	9405	185397	12940	8188	3554	3447	1814	2982	4605	3021	2129	7319	2143	1523	446	488	2619	1898	415	542	0
*	5p	-	37	5172895	2761454	2908761	4710731	15553841	8701	178274	11924	7877	2916	3162	1723	2770	4454	2837	1988	6926	1930	1379	396	460	2434	1714	367	414	0
*	5p	-	38	4796669	2551440	2690662	4365063	14403834	8167	171319	11335	7420	2720	2940	1658	2625	4485	2604	1877	6263	1732	1279	362	353	2179	1510	333	399	0
*	5p	-	39	4428145	2357776	2485861	4036885	13308667	7529	164913	10642	6758	2442	2879	1508	2443	4208	2497	1770	5885	1550	1183	346	364	1942	1345	289	386	0
*	5p	-	40	4076797	2171279	2284188	3741632	12273896	7026	158283	10026	6368	2476	2665	1395	2276	3992	2384	1612	5404	1381	1054	319	346	1648	1255	271	296	0
*	5p	-	41	3746716	2003446	2100811	3444510	11295483	6651	152303	9251	5786	2194	2533	1268	2304	3537	2189	1566	5082	1277	1017	282	320	1531	1135	241	272	0
*	5p	-	42	3438533	1843055	1926369	3171787	10379744	6098	149468	9029	5370	2070	2524	1313	2091	3623	2113	1396	4796	1104	847	266	276	1423	1062	236	283	0
*	5p	-	43	3143383	1683599	1758943	2910695	9496620	5646	139651	7860	4780	2008	2301	1149	1944	2867	1981	1235	4245	1033	758	234	256	1252	975	203	254	0
*	5p	-	44	2872102	1534096	1605273	2664758	8676229	5092	129568	7213	4343	1644	1993	1045	1761	2884	1812	1176	3996	941	751	191	229	1121	870	177	216	0
*	5p	-	45	2619061	1399041	1463800	2434199	7916101	4548	120046	6881	3970	1588	1909	923	1503	2449	1624	963	3562	924	674	168	174	995	808	159	184	0
*	5p	-	46	2386206	1272960	1335788	2218639	7213593	4195	110734	6160	3450	1367	1710	916	1445	2296	1482	920	3287	736	617	176	184	935	714	167	173	0
*	5p	-	47	2167471	1159153	1215054	2021801	6563479	3727	102147	5430	3213	1271	1581	839	1342	2288	1303	904	3047	673	555	150	158	813	633	111	153	0
*	5p	-	48	1967658	1051057	1105692	1841100	5965507	3387	93323	4917	2999	1113	1435	690	1194	2036	1228	781	2725	624	515	156	160	748	597	117	138	0
*	5p	-	49	1785154	955941	1003968	1670775	5415838	3087	86191	4455	2621	996	1292	668	1069	1790	1085	678	2427	563	425	114	144	672	536	114	152	0
*	5p	-	50	1616121	867709	911528	1517656	4913014	2877	78549	4252	2444	863	1196	588	1040	1697	1019	643	2186	489	401	111	128	583	504	94	98	0
*	5p	-	51	1461592	786448	825944	1378923	4452907	2484	71877	3606	2213	786	1040	512	869	1541	870	563	1975	475	370	95	90	512	452	88	118	0
*	5p	-	52	1321971	713727	745726	1250968	4032392	2295	65881	3391	1987	710	955	467	799	1348	824	463	1819	395	335	89	104	501	402	90	99	0
*	5p	-	53	1195597	646636	673821	1134107	3650161	1941	59532	2933	1855	633	878	444	704	1271	769	465	1696	346	300	95	71	422	343	69	104	0
*	5p	-	54	1081627	584256	609272	1028064	3303219	1859	53982	2681	1669	585	773	376	664	1096	688	442	1575	309	264	70	80	387	328	41	83	0
*	5p	-	55	977073	529123	552646	930642	2989484	1549	48844	2515	1472	531	695	346	581	1051	658	382	1404	262	227	68	85	333	279	63	73	0
*	5p	-	56	882159	479272	499451	843170	2704052	1483	44436	2214	1309	511	607	327	535	994	566	335	1207	260	190	51	69	273	263	45	63	0
*	5p	-	57	797789	434047	453786	760798	2446420	1368	40408	2015	1219	395	549	277	468	865	510	327	1086	219	186	47	51	290	215	48	60	0
*	5p	-	58	721471	392955	410426	688829	2213681	1277	36650	1838	1086	408	549	268	458	778	445	284	1023	190	171	44	56	235	213	39	53	0
*	5p	-	59	651983	355665	370972	623884	2002504	1079	33061	1711	915	361	478	203	391	739	436	244	920	180	157	34	51	239	181	37	60	0
*	5p	-	60	587185	322096	337596	565599	1812476	1046	30002	1529	865	392	436	230	390	682	344	226	819	181	142	36	42	189	164	29	49	0
*	5p	-	61	532701	292936	303961	510601	1640199	910	27479	1374	859	315	419	199	316	563	345	213	739	141	136	30	45	173	155	20	31	0
*	5p	-	62	482142	264927	274571	463721	1485361	844	24829	1249	768	290	378	185	306	491	332	211	710	115	109	31	29	163	147	23	39	0
*	5p	-	63	435345	240211	249298	420358	1345212	716	22936	1190	698	283	326	216	268	506	295	167	584	107	105	24	31	149	114	20	27	0
*	5p	-	64	394002	218916	225477	381260	1219655	691	21350	1024	619	236	310	146	279	390	273	173	578	95	109	25	32	116	103	25	35	0
*	5p	-	65	357013	197451	204323	344621	1103408	595	19012	945	542	200	315	150	204	407	223	129	480	91	81	19	35	130	87	16	22	0
*	5p	-	66	322840	178067	185312	311400	997619	581	17051	867	525	182	268	137	236	342	212	123	487	82	77	30	34	99	89	12	23	0
*	5p	-	67	291488	161622	167515	281977	902602	474	15195	745	485	162	265	128	183	325	214	120	426	68	70	16	19	89	70	9	18	0
*	5p	-	68	263584	146088	152262	255006	816940	474	13898	632	401	167	205	118	177	291	174	122	401	73	57	17	24	65	64	11	21	0
*	5p	-	69	237914	132720	138776	230496	739906	398	12362	675	360	126	177	92	149	255	170	78	343	44	59	15	20	69	66	17	17	0
*	5p	-	70	215600	120779	125647	208848	670874	390	11079	549	347	129	149	84	140	198	136	91	292	51	45	10	18	71	52	12	21	0
