# table produced by mapDamage version 2.2.2
# using mapped file - and /projects/lorenzen/people/pzx702/wildebeest/refgenomes/BWD_HiC.chr_Human_fossilMito.fasta as reference file
# Chr: reference from sam/bam header, End: from which termini of DNA sequences, Std: strand of reads
Chr	End	Std	Pos	A	C	G	T	Total	G>A	C>T	A>G	T>C	A>C	A>T	C>G	C>A	T>G	T>A	G>C	G>T	A>-	T>-	C>-	G>-	->A	->T	->C	->G	S
*	3p	+	1	77102	48980	44601	80016	250699	344	19110	335	134	58	177	53	157	93	179	34	114	0	0	0	0	0	0	0	0	0
*	3p	+	2	83441	48741	45236	73289	250707	225	9312	291	139	51	101	41	86	55	90	45	108	0	0	0	0	0	0	0	0	0
*	3p	+	3	81780	44830	49101	75000	250711	186	2093	225	105	59	71	47	59	60	64	36	119	1	0	0	0	0	0	0	0	0
*	3p	+	4	83609	44559	48857	73687	250712	160	1425	225	103	56	61	31	58	61	54	29	113	1	0	0	0	1	0	2	2	0
*	3p	+	5	83243	44150	48717	74600	250710	131	1160	175	109	41	44	30	59	55	52	27	107	0	0	1	0	6	4	1	1	0
*	3p	+	6	83797	44715	49622	72523	250657	126	920	182	118	38	48	24	42	45	56	39	103	0	0	2	1	11	14	16	23	0
*	3p	+	7	82674	45865	48387	73701	250627	150	808	173	143	52	48	35	42	51	46	35	111	7	4	7	7	20	25	30	19	0
*	3p	+	8	82775	45917	47943	73959	250594	136	673	185	127	55	39	35	43	50	52	33	103	13	7	11	7	36	23	29	40	0
*	3p	+	9	81937	46479	48180	73998	250594	119	665	163	142	39	45	32	43	56	39	39	109	17	18	9	4	36	35	25	32	0
*	3p	+	10	81210	47037	47451	74887	250585	116	631	170	141	41	52	33	42	45	49	34	109	19	16	17	15	43	34	27	31	0
*	3p	+	11	79915	47982	48084	74616	250597	131	548	157	141	38	52	36	48	50	47	32	131	23	15	7	14	38	28	33	26	0
*	3p	+	12	80231	47412	48249	74694	250586	141	572	155	136	57	51	40	41	45	41	42	103	26	21	12	13	28	48	29	32	0
*	3p	+	13	80356	47715	47504	75005	250580	126	585	162	135	46	58	36	44	58	50	38	107	19	25	3	18	41	44	26	28	0
*	3p	+	14	80577	47159	48161	74702	250599	142	583	147	153	57	45	38	37	54	49	36	126	30	27	16	15	40	29	27	28	0
*	3p	+	15	80380	47420	48032	74761	250593	131	524	159	150	52	52	32	34	51	46	34	106	21	20	13	11	40	37	20	32	0
*	3p	+	16	80158	48094	47885	74445	250582	139	579	144	150	53	57	27	39	39	48	38	102	24	22	13	12	42	43	35	19	0
*	3p	+	17	80635	47568	48110	74252	250565	151	555	167	145	56	43	25	40	52	51	40	113	25	21	8	18	39	57	27	35	0
*	3p	+	18	79896	47690	48662	74317	250565	172	603	168	133	40	34	32	48	54	39	34	97	26	32	17	12	43	43	36	36	0
*	3p	+	19	80563	47507	48121	74371	250562	144	577	162	107	49	44	31	37	47	55	42	98	28	26	12	16	40	53	29	37	0
*	3p	+	20	80105	48175	48315	73981	250576	142	573	157	139	47	35	34	35	49	56	40	101	28	26	9	11	46	43	27	30	0
*	3p	+	21	80271	48065	48030	74196	250562	131	592	184	132	48	45	35	32	38	41	34	112	33	21	17	8	49	51	24	36	0
*	3p	+	22	80099	47877	48073	74528	250577	130	531	167	144	54	41	35	36	42	48	35	108	32	28	10	12	50	39	25	32	0
*	3p	+	23	80362	47884	47740	74575	250561	144	565	139	112	37	45	34	41	50	47	42	91	33	28	11	8	47	51	28	36	0
*	3p	+	24	80635	47584	48082	74262	250563	151	588	142	134	42	47	24	41	52	58	33	110	36	23	14	17	47	41	33	39	0
*	3p	+	25	81515	47280	48291	73492	250578	137	628	175	116	46	48	33	44	34	55	32	121	21	33	15	10	50	43	25	27	0
*	3p	+	26	81340	47137	47968	74153	250598	126	653	185	107	45	40	34	50	62	43	46	117	38	32	9	13	39	42	22	21	0
*	3p	+	27	81396	47715	47762	73720	250593	120	669	151	122	38	45	26	42	56	55	44	83	40	23	16	13	37	42	30	20	0
*	3p	+	28	82273	47470	47904	72980	250627	143	725	173	138	55	44	42	39	48	51	45	122	27	35	9	17	37	28	12	16	0
*	3p	+	29	82158	47181	48368	72926	250633	151	822	172	138	60	64	39	53	60	63	44	123	19	28	6	10	33	24	14	16	0
*	3p	+	30	82445	47133	47653	73406	250637	159	1448	237	118	73	79	43	64	54	98	32	152	18	24	6	10	31	28	10	13	0
*	3p	+	31	78860	44529	44785	69579	237753	142	1503	201	139	69	73	30	74	39	93	37	115	23	20	5	10	18	32	12	10	0
*	3p	+	32	74176	42255	42398	65593	224422	148	1504	168	104	40	77	35	61	36	92	25	112	16	16	2	7	31	26	8	8	0
*	3p	+	33	69687	39612	40363	61788	211450	152	1586	208	119	54	84	37	55	44	81	35	91	12	19	2	15	24	22	8	3	0
*	3p	+	34	66188	36793	37445	58171	198597	121	1473	197	113	51	59	29	52	33	73	28	100	17	9	5	5	24	25	8	5	0
*	3p	+	35	61831	34429	34986	54628	185874	121	1515	150	105	40	69	23	46	42	77	34	93	25	20	5	6	19	17	8	13	0
*	3p	+	36	57442	32225	32829	51143	173639	126	1376	164	76	44	56	30	45	25	69	25	95	17	15	5	8	27	13	6	6	0
*	3p	+	37	53893	29714	30465	47719	161791	99	1377	162	75	42	59	26	39	27	78	18	77	13	15	7	5	16	15	8	6	0
*	3p	+	38	49550	28056	28434	44600	150640	104	1339	160	89	32	54	26	43	30	52	24	79	7	14	2	7	16	12	7	5	0
*	3p	+	39	46314	25971	26310	41086	139681	84	1299	159	81	38	48	24	40	28	65	15	71	14	21	4	3	18	16	2	3	0
*	3p	+	40	42755	23996	24411	38137	129299	85	1211	121	70	28	44	22	49	34	57	21	79	12	11	6	6	15	10	4	5	0
*	3p	+	41	39697	22129	22444	35339	119609	75	1195	130	63	26	39	24	36	22	49	20	66	7	12	2	7	19	16	4	3	0
*	3p	+	42	36324	20295	20974	32691	110284	84	1170	127	52	22	33	20	43	22	44	12	50	11	9	1	1	11	10	3	3	0
*	3p	+	43	33561	18640	19230	29979	101410	80	1104	97	54	24	41	20	28	16	50	16	60	7	10	1	1	8	8	3	3	0
*	3p	+	44	30824	17232	17570	27544	93170	57	1089	83	56	20	51	20	37	17	54	14	39	6	8	2	3	6	8	3	3	0
*	3p	+	45	28252	15445	16268	25422	85387	46	986	89	38	11	45	8	28	18	41	9	53	13	4	4	0	6	9	1	1	0
*	3p	+	46	25947	14451	14731	23246	78375	56	916	77	43	20	37	13	27	17	39	13	51	6	6	0	2	6	7	4	1	0
*	3p	+	47	23628	13232	13491	21443	71794	62	843	75	48	24	27	13	22	15	36	12	45	5	4	0	2	5	6	2	4	0
*	3p	+	48	21570	12055	12569	19505	65699	45	750	47	48	9	24	14	28	22	28	10	37	4	6	2	2	5	2	3	4	0
*	3p	+	49	19870	10935	11330	17859	59994	49	713	67	36	17	32	9	14	10	30	10	29	6	2	0	1	4	5	0	0	0
*	3p	+	50	17801	10079	10435	16422	54737	35	656	64	40	11	30	6	19	15	14	7	29	4	1	0	0	2	4	1	1	0
*	3p	+	51	16360	9045	9433	15102	49940	30	600	61	24	9	18	3	15	17	29	6	27	2	4	0	0	6	2	0	0	0
*	3p	+	52	14980	8349	8682	13606	45617	37	561	54	21	14	24	13	14	5	23	7	28	1	3	0	3	3	3	0	1	0
*	3p	+	53	13633	7566	7843	12523	41565	33	471	49	16	10	11	9	15	10	20	4	17	4	2	0	1	2	3	1	0	0
*	3p	+	54	12442	7006	7138	11148	37734	25	487	36	12	5	22	5	10	8	15	6	32	2	3	1	2	3	3	3	0	0
*	3p	+	55	11080	6190	6724	10315	34309	26	404	32	20	10	16	6	11	7	14	6	24	4	6	1	0	2	1	0	2	0
*	3p	+	56	10304	5753	5941	9355	31353	25	402	27	12	4	16	8	5	12	26	5	18	1	1	1	0	3	2	0	0	0
*	3p	+	57	9341	5299	5430	8507	28577	19	327	32	7	5	15	6	7	8	8	1	16	0	4	0	0	0	1	0	0	0
*	3p	+	58	8615	4685	4928	7782	26010	12	288	23	12	8	5	7	6	7	14	5	9	2	0	0	0	2	2	0	0	0
*	3p	+	59	7845	4393	4496	6984	23718	19	312	28	9	4	15	4	7	7	13	5	14	3	1	0	2	1	2	0	0	0
*	3p	+	60	7119	4031	4034	6412	21596	15	270	9	9	3	8	2	6	2	12	6	19	0	1	2	1	1	0	1	0	0
*	3p	+	61	6414	3691	3764	5892	19761	18	249	26	5	2	11	4	10	3	11	1	8	0	0	0	1	0	1	0	1	0
*	3p	+	62	5810	3351	3413	5466	18040	5	225	20	4	6	8	1	3	4	10	3	8	1	1	0	0	1	0	0	0	0
*	3p	+	63	5358	3027	3072	4990	16447	14	208	20	7	6	11	3	6	3	5	0	11	0	1	0	0	1	3	0	1	0
*	3p	+	64	4939	2867	2866	4393	15065	7	207	15	15	6	11	3	3	4	10	4	9	0	1	0	0	2	0	0	2	0
*	3p	+	65	4486	2562	2615	4128	13791	12	167	20	8	7	11	1	1	2	10	4	12	0	0	0	0	1	1	0	0	0
*	3p	+	66	4116	2360	2404	3774	12654	6	195	12	8	4	9	3	3	0	3	2	9	1	1	0	0	2	0	0	0	0
*	3p	+	67	3681	2199	2174	3445	11499	11	150	12	7	3	5	2	3	4	4	3	3	0	0	0	0	1	0	0	0	0
*	3p	+	68	3336	1966	1971	3248	10521	13	123	12	9	2	5	0	5	3	9	4	5	2	0	0	0	0	1	1	0	0
*	3p	+	69	3061	1845	1856	2871	9633	7	130	8	6	2	6	5	2	3	5	1	8	0	0	0	0	0	0	0	0	0
*	3p	+	70	2717	1649	1743	2652	8761	4	118	3	0	7	4	1	1	1	4	2	5	1	0	0	0	0	1	0	0	0
*	3p	-	1	76626	48265	44832	80176	249899	325	18916	353	157	62	165	63	167	87	218	36	122	0	0	0	0	0	0	0	0	0
*	3p	-	2	82848	48639	45608	72798	249893	209	9358	298	119	60	106	47	75	63	96	43	126	0	0	0	0	3	1	1	1	0
*	3p	-	3	81553	44520	48786	75030	249889	167	2131	239	127	56	70	40	52	59	65	40	112	1	0	2	0	7	5	2	3	0
*	3p	-	4	82803	44216	48829	74029	249877	159	1453	250	120	43	48	50	55	41	65	41	107	3	2	1	2	16	7	1	4	0
*	3p	-	5	83228	43319	48826	74479	249852	144	1189	186	120	45	47	30	46	56	54	40	132	6	5	1	1	27	13	6	9	0
*	3p	-	6	83277	44718	49043	72760	249798	154	930	195	121	48	57	29	55	50	61	29	97	11	12	2	5	32	36	17	27	0
*	3p	-	7	82277	45649	48410	73424	249760	126	819	156	141	48	54	35	48	47	55	32	106	20	16	5	6	39	49	29	35	0
*	3p	-	8	82416	45440	47831	74078	249765	178	709	143	136	37	38	31	47	39	49	44	115	28	28	8	10	33	44	33	37	0
*	3p	-	9	80989	46649	47789	74330	249757	143	673	163	133	40	42	31	43	33	47	39	117	23	17	12	14	45	47	30	33	0
*	3p	-	10	80218	47189	47764	74593	249764	116	588	176	148	40	47	36	44	45	43	32	114	29	28	13	16	37	50	37	24	0
*	3p	-	11	79727	47511	47810	74711	249759	130	572	147	136	52	49	25	43	39	47	40	95	33	31	12	7	46	42	30	34	0
*	3p	-	12	79564	47331	48200	74658	249753	135	528	175	139	54	49	33	46	42	45	34	114	24	29	16	13	43	50	32	32	0
*	3p	-	13	79844	47271	47560	75088	249763	145	541	164	137	53	47	29	38	45	37	29	101	34	35	8	13	48	46	30	26	0
*	3p	-	14	79975	47448	47823	74506	249752	142	580	146	157	53	41	33	42	60	46	33	92	27	21	14	14	51	38	40	31	0
*	3p	-	15	80160	47143	48093	74385	249781	144	547	170	127	52	39	28	50	61	52	49	107	33	34	12	10	42	39	25	26	0
*	3p	-	16	79709	47340	47962	74770	249781	135	584	152	117	51	61	33	45	51	52	37	102	40	33	11	13	46	39	22	25	0
*	3p	-	17	79430	47880	47706	74738	249754	119	548	159	125	35	51	36	46	53	48	52	116	33	28	14	12	49	46	31	33	0
*	3p	-	18	79664	47552	47982	74556	249754	146	612	134	128	37	52	26	45	41	36	44	109	37	33	18	18	44	52	25	38	0
*	3p	-	19	80008	47611	47880	74257	249756	123	562	144	151	55	47	26	32	37	51	44	104	32	30	17	17	48	49	32	28	0
*	3p	-	20	79953	47632	48097	74085	249767	144	576	161	119	44	56	33	34	43	48	30	101	45	30	15	19	49	37	25	35	0
*	3p	-	21	79417	47667	48424	74248	249756	132	575	156	157	56	38	37	41	40	43	44	95	30	27	15	16	53	36	32	35	0
*	3p	-	22	80037	47505	48067	74159	249768	126	590	161	145	50	45	40	47	51	46	37	103	31	33	17	24	40	41	31	33	0
*	3p	-	23	79874	47457	48034	74389	249754	154	591	165	144	54	35	41	48	41	51	37	113	30	36	13	10	46	52	29	32	0
*	3p	-	24	80331	47182	48005	74220	249738	136	555	164	154	48	50	30	46	44	32	40	103	36	25	12	20	47	58	28	41	0
*	3p	-	25	80614	47312	47721	74130	249777	151	646	171	113	37	41	20	29	56	50	39	117	29	25	8	14	31	54	23	28	0
*	3p	-	26	81158	47170	47836	73599	249763	151	637	145	118	60	45	39	45	37	35	43	101	28	27	19	14	43	47	33	27	0
*	3p	-	27	81606	47394	47571	73240	249811	147	667	171	144	46	37	33	41	33	44	29	112	21	23	11	10	32	31	22	14	0
*	3p	-	28	81594	47329	48112	72797	249832	140	742	172	146	52	48	27	49	35	49	38	107	23	29	16	10	25	28	15	10	0
*	3p	-	29	81863	46961	47932	73110	249866	136	873	175	137	67	61	42	59	56	73	33	97	21	11	8	6	12	18	6	8	0
*	3p	-	30	81934	46950	48117	72863	249864	160	1532	222	115	67	67	47	54	49	86	45	139	18	13	11	4	12	16	7	12	0
*	3p	-	31	78105	44460	45183	68975	236723	157	1540	214	138	48	84	37	59	39	88	37	117	14	10	11	7	13	14	7	3	0
*	3p	-	32	73599	41837	42494	65605	223535	147	1506	206	122	58	85	32	60	36	98	38	113	14	10	7	5	15	14	5	7	0
*	3p	-	33	69521	38974	40096	61860	210451	150	1487	178	111	56	79	35	66	45	71	36	104	19	9	2	5	15	11	9	4	0
*	3p	-	34	65450	36597	37446	58226	197719	123	1440	170	107	50	53	25	43	44	72	27	98	13	8	5	9	11	10	4	4	0
*	3p	-	35	61055	34483	35311	54301	185150	116	1472	166	87	42	60	19	62	44	68	26	93	13	11	2	11	10	8	6	2	0
*	3p	-	36	57529	32116	32690	50699	173034	109	1407	132	96	54	56	25	38	25	69	30	81	10	7	9	6	6	4	3	2	0
*	3p	-	37	53503	29733	30671	47427	161334	109	1389	168	91	39	75	39	37	24	70	24	103	13	5	2	3	6	9	4	1	0
*	3p	-	38	49476	27770	28644	44144	150034	106	1375	131	83	37	58	26	50	33	73	21	87	6	3	3	4	1	4	3	2	0
*	3p	-	39	45607	25934	26437	41150	139128	107	1333	166	66	38	47	21	39	31	62	22	64	11	9	3	4	2	5	1	3	0
*	3p	-	40	42585	23698	24360	38212	128855	75	1255	127	66	26	39	22	30	25	64	17	73	7	9	5	1	7	6	6	4	0
*	3p	-	41	39238	21931	22521	35438	119128	71	1249	121	69	38	52	20	49	15	53	17	62	9	4	5	4	4	4	2	1	0
*	3p	-	42	36091	20404	20924	32511	109930	71	1259	115	53	23	43	19	23	20	49	7	60	8	4	0	5	7	3	0	2	0
*	3p	-	43	33432	18662	19211	29996	101301	83	1098	122	44	28	44	24	28	17	57	13	68	3	2	2	1	5	7	1	4	0
*	3p	-	44	30624	17147	17690	27588	93049	58	1011	93	51	30	40	8	35	22	43	13	43	3	6	1	1	1	4	4	2	0
*	3p	-	45	28001	15893	16099	25310	85303	75	959	83	39	22	33	11	29	16	37	12	47	3	2	1	1	5	4	5	3	0
*	3p	-	46	25799	14311	14804	23165	78079	65	946	88	30	19	36	16	22	18	35	11	35	8	2	1	1	5	1	2	1	0
*	3p	-	47	23548	12989	13587	21388	71512	48	843	75	43	20	36	8	25	24	33	7	44	8	3	2	1	7	1	0	2	0
*	3p	-	48	21421	11973	12439	19337	65170	47	771	49	41	19	28	14	16	13	39	8	34	1	2	3	0	4	1	0	0	0
*	3p	-	49	19849	10662	11236	17799	59546	46	695	79	23	18	33	8	20	13	31	7	31	5	2	0	1	1	2	1	2	0
*	3p	-	50	17769	9998	10329	16337	54433	28	630	58	20	15	28	6	10	10	28	10	37	4	2	1	2	2	3	0	1	0
*	3p	-	51	16316	9120	9474	14791	49701	38	576	48	33	16	20	8	21	12	29	5	24	2	3	0	0	3	1	2	0	0
*	3p	-	52	14959	8338	8448	13711	45456	28	565	49	30	9	12	5	17	6	26	8	24	2	1	1	1	1	0	1	0	0
*	3p	-	53	13419	7741	7969	12269	41398	32	509	42	21	8	18	7	15	5	23	6	21	1	0	0	1	2	1	2	0	0
*	3p	-	54	12364	6969	7173	11214	37720	27	468	51	21	12	19	7	11	11	14	7	15	1	0	1	1	3	0	0	0	0
*	3p	-	55	11220	6263	6620	10301	34404	25	424	44	18	8	15	5	14	8	22	4	15	0	0	0	2	1	2	0	1	0
*	3p	-	56	10276	5689	5955	9416	31336	24	352	31	14	7	15	6	13	5	14	6	16	1	2	0	1	1	0	0	2	0
*	3p	-	57	9314	5189	5391	8671	28565	20	353	32	15	3	10	8	6	5	14	3	18	1	1	0	1	1	1	0	1	0
*	3p	-	58	8392	4759	4935	7962	26048	24	330	19	12	9	6	3	7	5	15	2	11	0	0	0	0	2	1	0	0	0
*	3p	-	59	7799	4382	4498	7176	23855	16	273	23	12	5	6	3	6	3	10	4	14	0	0	0	0	1	0	0	0	0
*	3p	-	60	6941	4055	4185	6623	21804	16	264	27	13	4	10	3	11	5	9	4	15	0	0	0	0	0	0	1	0	0
*	3p	-	61	6490	3608	3806	6024	19928	21	255	26	14	4	5	1	6	5	9	4	14	2	0	0	0	1	1	0	0	0
*	3p	-	62	5940	3397	3432	5411	18180	11	224	24	16	3	5	4	10	7	12	1	13	2	1	0	1	0	0	0	1	0
*	3p	-	63	5346	3020	3197	5021	16584	7	195	14	7	4	11	3	3	4	4	2	11	2	1	1	1	3	1	0	0	0
*	3p	-	64	4903	2863	2883	4545	15194	11	180	17	7	3	8	5	9	1	5	2	5	2	0	0	0	0	0	1	0	0
*	3p	-	65	4357	2616	2694	4199	13866	6	167	12	10	6	3	1	8	4	8	1	8	1	1	0	0	1	0	0	0	0
*	3p	-	66	4097	2299	2378	3881	12655	9	143	13	6	1	7	4	5	5	8	2	10	1	1	1	0	1	1	0	0	0
*	3p	-	67	3808	2146	2171	3434	11559	11	156	11	5	4	2	2	0	4	5	4	4	0	0	0	0	0	1	0	0	0
*	3p	-	68	3429	1967	1994	3183	10573	5	133	11	2	4	5	1	6	0	5	1	7	1	0	0	0	0	0	0	1	0
*	3p	-	69	3181	1815	1797	2883	9676	6	121	5	3	0	1	2	6	3	1	2	8	1	0	0	0	0	0	0	0	0
*	3p	-	70	2914	1665	1696	2549	8824	2	112	4	5	2	3	1	2	0	4	1	2	0	0	0	0	0	0	0	0	0
*	5p	+	1	86217	50219	40477	73799	250712	439	16499	919	212	243	569	118	365	147	654	63	313	0	0	0	0	0	0	0	0	0
*	5p	+	2	88177	41714	48594	72218	250703	303	3124	480	180	132	255	85	148	79	319	53	256	0	0	0	0	7	2	0	3	0
*	5p	+	3	87880	43153	50092	69566	250691	194	1970	296	125	69	119	47	83	67	129	33	120	3	2	0	1	9	6	6	7	0
*	5p	+	4	84993	46905	49550	69171	250619	155	1387	202	147	64	66	48	68	56	72	29	113	7	5	2	4	33	22	13	10	0
*	5p	+	5	84992	47957	47835	69785	250569	163	1074	188	134	54	47	45	46	37	62	35	136	12	20	11	13	53	42	29	27	0
*	5p	+	6	83176	47519	47154	72731	250580	129	940	178	146	49	56	25	58	44	46	34	118	19	22	12	16	40	33	35	34	0
*	5p	+	7	83358	46547	47513	73170	250588	128	799	185	109	43	37	36	43	46	53	39	110	29	21	7	12	45	38	25	26	0
*	5p	+	8	82212	46991	47775	73577	250555	139	703	148	126	49	48	29	43	55	40	43	109	24	25	6	13	51	39	39	38	0
*	5p	+	9	81479	46903	47966	74236	250584	168	597	178	135	37	61	33	42	36	49	52	116	33	29	10	6	42	41	22	34	0
*	5p	+	10	81314	47724	48111	73409	250558	131	589	146	138	52	50	32	34	62	47	41	103	28	26	11	13	54	49	32	30	0
*	5p	+	11	81063	47912	47988	73591	250554	152	544	155	143	41	47	40	42	37	45	49	96	36	28	13	15	51	46	32	40	0
*	5p	+	12	80708	48176	47998	73688	250570	136	552	157	131	53	38	34	28	48	55	38	115	30	28	14	12	50	41	33	28	0
*	5p	+	13	80875	47957	47518	74209	250559	159	527	159	150	44	45	37	43	46	55	36	96	44	30	11	8	50	48	36	30	0
*	5p	+	14	80520	47966	47992	74099	250577	143	538	170	111	44	38	33	44	58	44	47	106	36	30	11	13	48	40	21	37	0
*	5p	+	15	80080	48361	47876	74256	250573	138	608	154	133	54	53	37	34	52	50	32	98	33	28	8	14	51	46	30	23	0
*	5p	+	16	80269	48275	47948	74072	250564	106	568	136	135	53	36	39	38	43	54	35	94	25	24	9	11	45	43	32	39	0
*	5p	+	17	80409	48152	47781	74233	250575	141	546	156	123	45	43	35	58	50	44	40	90	26	24	7	8	42	46	25	33	0
*	5p	+	18	80030	47899	48239	74416	250584	155	578	155	147	34	49	33	39	42	43	46	106	34	22	22	15	41	44	27	27	0
*	5p	+	19	80218	47513	48252	74596	250579	130	542	165	143	42	34	31	47	49	48	42	117	23	27	9	11	39	46	26	32	0
*	5p	+	20	80184	47853	47967	74562	250566	141	627	128	121	44	41	31	32	39	47	38	109	27	27	13	16	34	52	42	29	0
*	5p	+	21	79957	48134	47969	74501	250561	126	601	167	157	42	56	31	42	52	41	36	115	26	28	7	17	49	49	33	31	0
*	5p	+	22	80318	47661	48030	74547	250556	130	580	158	135	56	47	34	44	47	52	36	117	27	35	18	24	50	60	23	33	0
*	5p	+	23	80458	47581	48145	74375	250559	135	621	155	152	47	45	31	34	51	44	36	101	24	36	9	9	48	49	27	39	0
*	5p	+	24	80603	47207	48006	74764	250580	131	596	185	113	59	39	26	41	50	52	50	119	24	29	14	11	54	40	23	26	0
*	5p	+	25	80654	47563	47995	74409	250621	153	623	175	139	41	44	40	33	40	48	28	106	24	25	12	12	31	29	18	23	0
*	5p	+	26	80887	47137	48223	74400	250647	143	691	166	125	42	50	37	44	59	46	25	94	21	20	10	10	28	23	9	16	0
*	5p	+	27	80838	46980	48294	74548	250660	128	667	166	122	61	38	44	46	48	42	33	111	13	22	7	14	24	16	13	10	0
*	5p	+	28	81243	46808	48487	74124	250662	115	754	158	105	44	38	38	53	47	50	45	129	19	14	10	5	23	15	13	10	0
*	5p	+	29	81155	46949	48350	74215	250669	138	1032	159	125	47	47	26	50	52	55	34	103	23	20	5	6	18	18	8	9	0
*	5p	+	30	81527	46697	47926	74530	250680	133	1851	192	110	38	67	21	46	55	64	31	118	15	14	4	8	11	15	7	5	0
*	5p	+	31	77434	44250	45384	70732	237800	140	1885	154	123	35	45	17	44	45	47	30	113	17	15	6	2	11	12	1	2	0
*	5p	+	32	73063	41562	43043	66785	224453	125	1977	150	108	23	53	23	38	45	33	25	93	17	11	10	9	14	15	7	5	0
*	5p	+	33	68355	39205	40586	63320	211466	132	1966	131	108	44	36	16	47	36	42	21	105	12	17	3	8	19	12	8	4	0
*	5p	+	34	64671	36416	37996	59530	198613	133	2028	156	84	32	35	25	28	28	33	28	77	10	13	2	4	12	22	4	7	0
*	5p	+	35	60917	34231	35319	55425	185892	91	1926	143	98	31	50	25	43	32	41	33	84	9	7	4	3	10	15	4	8	0
*	5p	+	36	56793	32039	33149	51681	173662	104	1899	149	88	21	37	25	28	24	28	18	78	13	6	3	6	15	7	5	3	0
*	5p	+	37	52681	29648	31005	48464	161798	79	1774	114	80	28	32	16	35	29	26	18	77	12	10	5	4	14	10	6	4	0
*	5p	+	38	49136	27618	28647	45257	150658	89	1739	92	62	29	29	15	25	28	30	23	66	6	5	2	2	9	8	1	4	0
*	5p	+	39	45554	25345	26588	42206	139693	88	1732	108	57	17	27	18	22	29	33	16	51	10	6	1	2	8	7	4	5	0
*	5p	+	40	42182	23674	24429	39026	129311	86	1550	104	55	17	21	21	27	17	35	14	50	13	3	1	5	8	9	2	1	0
*	5p	+	41	39085	21687	22669	36189	119630	72	1472	89	60	20	24	25	27	18	26	17	51	9	6	1	1	3	9	4	2	0
*	5p	+	42	35618	20155	20973	33551	110297	81	1554	69	51	18	26	11	25	16	21	17	42	7	5	0	4	0	7	4	3	0
*	5p	+	43	32872	18666	19210	30676	101424	64	1486	72	49	12	25	11	18	24	13	9	41	3	5	2	1	4	4	0	1	0
*	5p	+	44	30335	16921	17571	28350	93177	49	1350	70	53	13	21	11	11	16	23	9	39	3	1	1	5	5	4	1	5	0
*	5p	+	45	27605	15630	16051	26102	85388	50	1276	61	41	16	14	10	26	15	20	11	38	0	0	1	5	4	8	2	2	0
*	5p	+	46	25253	14328	14873	23924	78378	47	1122	64	43	17	17	10	14	13	17	15	37	3	4	0	3	4	8	1	2	0
*	5p	+	47	23317	13040	13501	21936	71794	40	1050	57	37	14	17	9	16	12	13	9	23	3	1	1	1	4	8	1	1	0
*	5p	+	48	21166	11933	12443	20161	65703	47	1005	53	36	15	16	7	13	16	21	10	26	2	4	3	3	2	5	0	1	0
*	5p	+	49	19339	11061	11271	18319	59990	42	870	39	35	6	24	6	10	11	10	8	25	4	4	0	0	1	3	0	4	0
*	5p	+	50	17581	10038	10403	16718	54740	33	840	43	30	9	14	6	19	9	9	4	20	0	3	2	0	1	2	0	1	0
*	5p	+	51	16060	9188	9404	15292	49944	30	783	34	18	9	9	11	10	12	10	2	21	0	1	2	1	5	0	0	0	0
*	5p	+	52	14720	8390	8524	13988	45622	22	717	37	27	7	9	4	7	9	13	5	19	3	1	0	1	0	1	1	0	0
*	5p	+	53	13338	7610	7852	12768	41568	22	661	45	18	11	9	3	10	7	7	6	16	3	4	0	1	1	1	1	0	0
*	5p	+	54	12126	6968	7129	11516	37739	17	607	27	18	3	4	4	8	7	6	5	12	2	1	1	2	0	2	0	0	0
*	5p	+	55	11089	6201	6445	10573	34308	19	539	36	15	5	8	4	5	6	5	4	15	1	1	1	0	0	4	0	0	0
*	5p	+	56	10089	5710	5899	9657	31355	12	488	23	14	4	9	4	4	10	9	5	16	1	3	0	1	0	1	0	0	0
*	5p	+	57	9104	5243	5350	8878	28575	19	441	32	8	4	4	2	8	5	5	2	15	0	1	2	0	0	2	0	0	0
*	5p	+	58	8358	4722	4961	7968	26009	14	391	22	13	10	9	2	5	6	6	4	13	1	0	0	0	1	2	2	0	0
*	5p	+	59	7531	4345	4502	7336	23714	14	369	16	12	5	7	5	6	5	2	3	6	0	1	0	1	1	4	1	1	0
*	5p	+	60	6921	3967	4051	6652	21591	15	308	17	9	5	8	2	3	6	4	3	12	1	0	0	0	0	5	2	0	0
*	5p	+	61	6274	3679	3728	6081	19762	6	320	17	6	3	4	1	3	4	4	1	7	3	2	0	0	1	2	0	0	0
*	5p	+	62	5833	3313	3451	5443	18040	13	296	16	6	3	7	3	3	6	0	5	9	1	2	1	0	0	0	1	1	0
*	5p	+	63	5303	2958	3146	5043	16450	14	250	10	6	1	4	0	4	3	1	2	10	1	1	0	1	1	2	0	0	0
*	5p	+	64	4783	2800	2815	4670	15068	10	244	14	6	1	3	1	2	3	0	2	7	0	1	1	0	1	0	1	0	0
*	5p	+	65	4383	2610	2594	4206	13793	8	214	13	8	2	1	1	4	6	2	2	2	0	0	1	0	1	0	0	1	0
*	5p	+	66	4031	2334	2370	3921	12656	10	237	11	6	7	4	1	0	1	4	0	10	0	1	0	0	1	0	0	0	0
*	5p	+	67	3639	2090	2142	3629	11500	8	177	6	5	4	4	1	3	2	1	2	6	0	1	1	0	0	0	0	0	0
*	5p	+	68	3283	1959	2015	3264	10521	6	147	9	3	3	7	1	3	3	0	0	8	1	1	1	0	0	0	0	0	0
*	5p	+	69	3055	1769	1762	3045	9631	8	158	11	5	1	5	0	2	3	1	1	1	0	0	0	0	0	0	0	0	0
*	5p	+	70	2728	1634	1714	2685	8761	6	145	5	6	3	2	1	1	1	5	1	3	0	0	0	0	0	0	0	0	0
*	5p	-	1	85441	50087	40500	73869	249897	423	16505	892	210	245	543	139	385	148	670	67	334	0	0	0	0	0	0	0	0	0
*	5p	-	2	87425	41328	48419	72729	249901	275	3087	486	187	184	240	83	135	82	336	45	253	0	0	0	0	0	0	0	0	0
*	5p	-	3	87447	42989	50215	69251	249902	183	2019	295	136	74	114	58	76	54	132	29	121	0	0	0	0	1	0	1	0	0
*	5p	-	4	84916	46859	49257	68838	249870	155	1407	219	125	58	70	34	61	50	72	32	111	0	0	0	0	0	2	1	1	0
*	5p	-	5	84757	47538	47586	69919	249800	157	1105	193	117	39	62	31	64	48	62	36	100	14	5	8	8	28	30	26	25	0
*	5p	-	6	83171	46945	47667	72000	249783	159	923	190	134	49	62	37	41	45	43	39	105	11	11	6	6	34	30	31	33	0
*	5p	-	7	82856	46460	47375	73094	249785	134	817	160	141	48	42	27	45	42	48	57	109	16	5	9	10	26	41	31	28	0
*	5p	-	8	81487	47003	47496	73804	249790	133	697	151	138	55	45	30	45	51	47	39	107	17	11	12	7	35	30	25	32	0
*	5p	-	9	81003	47089	47928	73768	249788	125	625	150	134	51	47	31	40	46	56	38	91	15	14	11	11	29	29	28	39	0
*	5p	-	10	80268	47792	47897	73844	249801	150	568	153	171	52	48	30	41	40	45	32	99	18	15	9	14	30	29	28	25	0
*	5p	-	11	80891	47811	47607	73485	249794	142	538	155	122	44	36	35	41	40	43	39	127	24	20	11	6	32	28	30	29	0
*	5p	-	12	80279	47826	48286	73364	249755	117	526	165	160	47	49	33	38	44	46	34	107	17	21	14	14	38	38	41	37	0
*	5p	-	13	80247	47747	47950	73835	249779	163	567	141	155	39	49	29	34	41	39	34	105	26	27	11	19	39	39	24	32	0
*	5p	-	14	80157	47893	47690	74026	249766	123	543	165	124	41	48	33	49	40	44	41	101	24	22	17	16	36	36	38	37	0
*	5p	-	15	79580	47854	47861	74489	249784	149	536	142	143	41	65	28	44	40	46	42	116	20	17	13	15	50	27	25	27	0
*	5p	-	16	79825	47675	47949	74329	249778	138	543	158	130	49	40	34	34	45	45	49	103	29	19	17	10	51	37	26	21	0
*	5p	-	17	79811	47571	48150	74239	249771	159	560	147	123	40	44	45	49	41	49	36	105	27	25	16	12	47	39	29	27	0
*	5p	-	18	79484	47840	48083	74355	249762	140	557	153	128	39	49	26	42	53	42	37	93	25	21	12	9	46	50	29	26	0
*	5p	-	19	79626	47764	47911	74451	249752	140	586	187	138	43	43	30	40	33	45	31	105	25	26	24	13	53	48	27	33	0
*	5p	-	20	79559	47876	47671	74666	249772	142	600	174	108	52	27	32	48	49	42	43	103	30	30	12	11	39	44	27	31	0
*	5p	-	21	79629	47663	47741	74742	249775	135	589	152	144	43	51	34	46	49	44	44	104	41	37	20	17	45	36	31	26	0
*	5p	-	22	79785	47518	48071	74394	249768	160	604	173	130	55	44	37	35	37	52	42	99	37	26	7	15	49	42	30	24	0
*	5p	-	23	79834	47282	48108	74545	249769	144	597	145	133	41	34	29	39	33	33	36	103	27	27	13	14	37	41	35	31	0
*	5p	-	24	79969	46865	48304	74627	249765	131	596	144	143	41	40	34	42	36	46	36	97	36	29	13	12	40	37	38	33	0
*	5p	-	25	80224	47362	48154	74033	249773	131	632	154	115	44	45	30	43	59	45	33	115	41	24	10	11	48	47	20	25	0
*	5p	-	26	80143	47202	48111	74342	249798	159	667	159	128	45	37	24	50	58	55	30	123	29	27	11	10	38	36	22	19	0
*	5p	-	27	80468	46702	48626	74031	249827	136	701	147	144	41	61	39	46	51	51	37	122	29	28	9	18	23	38	10	15	0
*	5p	-	28	80528	46647	48370	74294	249839	135	723	152	142	57	53	36	54	41	49	38	105	17	23	5	15	22	29	10	13	0
*	5p	-	29	81483	46612	47811	73935	249841	160	1056	183	135	64	51	40	39	46	45	28	111	27	19	5	10	34	19	6	13	0
*	5p	-	30	80720	46539	48290	74296	249845	179	1875	149	149	55	46	36	56	50	53	38	114	24	25	8	5	22	22	8	12	0
*	5p	-	31	76762	44018	45445	70487	236712	149	1907	150	122	39	45	29	38	44	44	26	109	23	21	4	8	25	17	5	4	0
*	5p	-	32	72928	41246	42911	66452	223537	113	1961	192	99	34	50	24	45	43	52	33	76	21	16	9	11	15	16	4	4	0
*	5p	-	33	68534	38736	40222	62956	210448	137	1913	147	99	37	32	27	41	42	41	25	101	22	17	4	4	14	19	5	4	0
*	5p	-	34	64191	36239	38030	59248	197708	109	1945	152	101	25	28	25	30	32	32	35	80	21	13	1	6	11	19	7	4	0
*	5p	-	35	60184	33876	35628	55441	185129	123	1957	139	94	32	31	20	39	33	33	26	74	16	11	3	4	18	13	5	9	0
*	5p	-	36	56341	31741	33026	51901	173009	104	1862	104	86	19	32	21	24	24	42	27	68	13	10	7	4	15	14	5	9	0
*	5p	-	37	52437	29312	30912	48647	161308	97	1823	121	86	20	36	31	25	17	31	22	62	11	9	2	5	21	18	2	4	0
*	5p	-	38	48841	27576	28604	44996	150017	83	1803	138	70	20	38	16	44	31	32	19	59	12	9	7	4	9	6	2	9	0
*	5p	-	39	45309	25145	26546	42115	139115	80	1645	104	57	23	18	13	16	24	28	19	66	18	13	2	6	7	9	6	3	0
*	5p	-	40	41757	23664	24522	38914	128857	66	1582	94	73	18	25	15	23	23	22	11	62	19	8	2	2	10	8	0	5	0
*	5p	-	41	38635	21633	22570	36283	119121	66	1525	93	55	22	28	11	22	19	26	23	52	7	8	5	1	6	9	1	1	0
*	5p	-	42	35572	20045	20899	33414	109930	59	1545	88	48	28	23	8	18	15	21	24	50	8	9	5	1	6	7	2	1	0
*	5p	-	43	32751	18512	19181	30850	101294	49	1501	73	50	13	28	16	21	13	23	18	49	5	7	1	3	10	10	5	1	0
*	5p	-	44	30015	16837	17730	28460	93042	57	1331	92	43	17	22	5	20	11	24	10	50	6	8	4	3	5	7	4	2	0
*	5p	-	45	27692	15755	15950	25904	85301	42	1286	60	36	14	18	10	23	14	24	8	27	5	5	5	5	3	11	0	4	0
*	5p	-	46	25387	14068	14793	23823	78071	39	1210	61	36	10	21	8	19	13	17	18	33	6	5	1	2	4	9	1	3	0
*	5p	-	47	23105	13049	13481	21875	71510	38	1093	62	32	10	21	11	13	9	26	10	31	5	11	1	0	3	10	0	1	0
*	5p	-	48	21041	11860	12257	20004	65162	41	995	53	28	18	14	11	13	18	16	10	20	5	6	1	1	6	4	1	2	0
*	5p	-	49	19288	10874	11214	18163	59539	36	945	48	21	13	18	6	12	12	11	7	26	6	3	1	4	2	8	0	3	0
*	5p	-	50	17550	9856	10314	16717	54437	30	812	52	21	11	6	1	5	12	13	10	30	3	5	2	0	1	5	0	0	0
*	5p	-	51	16059	9083	9326	15238	49706	25	741	44	18	13	11	4	9	7	14	5	20	6	7	1	2	0	0	2	0	0
*	5p	-	52	14469	8349	8511	14129	45458	28	700	45	23	4	10	8	12	6	9	5	20	3	1	0	2	3	0	1	0	0
*	5p	-	53	13192	7499	7888	12814	41393	19	626	21	16	7	11	5	8	8	6	4	24	2	4	1	1	2	4	1	2	0
*	5p	-	54	11996	6977	7214	11526	37713	19	593	32	23	10	12	3	8	5	6	3	17	3	0	2	1	3	7	0	0	0
*	5p	-	55	10979	6300	6530	10589	34398	15	509	26	12	10	6	5	3	7	9	6	11	4	3	0	0	1	7	0	1	0
*	5p	-	56	9996	5641	6110	9586	31333	17	481	19	18	5	6	4	3	3	6	2	19	4	2	1	0	1	4	0	0	0
*	5p	-	57	9219	5099	5426	8818	28562	15	417	33	11	8	7	5	7	4	8	3	18	4	3	0	1	0	5	0	0	0
*	5p	-	58	8302	4713	4892	8133	26040	9	437	20	7	2	5	1	10	4	7	3	12	2	3	2	1	6	2	1	1	0
*	5p	-	59	7694	4345	4480	7332	23851	14	383	25	15	5	3	3	2	4	5	3	14	1	3	0	2	1	1	3	1	0
*	5p	-	60	6959	3933	4134	6774	21800	10	327	9	8	5	5	1	9	0	3	2	7	1	2	0	1	1	2	1	1	0
*	5p	-	61	6272	3652	3834	6169	19927	8	343	11	9	4	2	3	1	6	0	3	5	0	0	1	1	0	3	0	0	0
*	5p	-	62	5863	3393	3431	5491	18178	11	296	15	8	2	4	1	2	1	3	5	11	1	0	0	1	2	1	0	1	0
*	5p	-	63	5303	3003	3156	5122	16584	14	259	12	5	2	4	1	1	3	0	4	11	2	1	1	2	1	2	1	0	0
*	5p	-	64	4769	2929	2742	4752	15192	12	247	13	8	1	7	2	0	4	0	0	9	0	1	0	1	1	3	0	0	0
*	5p	-	65	4383	2530	2578	4373	13864	9	215	11	10	2	7	3	7	2	3	0	6	0	1	0	0	1	2	0	0	0
*	5p	-	66	3983	2338	2339	3991	12651	7	190	12	8	1	5	4	2	2	2	3	2	3	0	0	0	2	2	0	2	0
*	5p	-	67	3632	2113	2186	3627	11558	8	175	15	5	2	2	2	3	3	3	3	2	2	1	0	0	2	0	1	0	0
*	5p	-	68	3315	1926	2015	3319	10575	4	165	11	7	5	1	2	0	0	2	3	4	1	1	0	0	0	0	0	0	0
*	5p	-	69	2951	1803	1898	3024	9676	6	146	4	5	5	3	0	1	0	4	1	4	0	1	1	1	1	0	0	0	0
*	5p	-	70	2764	1648	1685	2727	8824	6	114	2	0	0	3	0	4	1	6	1	6	0	0	0	0	0	1	0	0	0
