# table produced by mapDamage version 2.2.1
# using mapped file - and /projects/mjolnir1/people/pzx702/wildebeest/refgenomes/BWD_HiC.chr_Human_fossilMito.fasta as reference file
# Chr: reference from sam/bam header, End: from which termini of DNA sequences, Std: strand of reads
Chr	End	Std	Pos	A	C	G	T	Total	G>A	C>T	A>G	T>C	A>C	A>T	C>G	C>A	T>G	T>A	G>C	G>T	A>-	T>-	C>-	G>-	->A	->T	->C	->G	S
*	3p	+	1	170407	106155	96595	175245	548402	418	42123	784	324	144	475	92	205	143	287	83	237	0	0	0	0	0	0	0	0	0
*	3p	+	2	185088	104476	98126	160726	548416	422	20926	610	247	146	251	92	185	135	195	91	247	0	0	0	0	0	0	0	0	0
*	3p	+	3	179872	97085	106011	165454	548422	324	4734	523	318	116	174	90	143	125	168	102	269	0	0	0	0	1	0	0	0	0
*	3p	+	4	185907	95473	105330	161718	548428	355	3130	513	274	111	133	76	102	125	158	86	246	0	0	0	0	2	0	2	2	0
*	3p	+	5	185709	93495	105895	163320	548419	301	2466	456	290	102	112	67	118	108	123	74	269	0	0	0	1	2	5	2	7	0
*	3p	+	6	188674	95075	105318	159240	548307	364	2084	419	264	94	94	92	108	88	103	82	245	4	0	1	3	31	37	30	33	0
*	3p	+	7	185106	98383	103521	161174	548184	309	1770	346	277	97	127	55	107	110	122	103	219	11	13	15	12	71	62	63	57	0
*	3p	+	8	185422	97363	102975	162419	548179	340	1582	370	281	94	102	63	104	88	110	95	242	24	25	15	28	73	69	55	63	0
*	3p	+	9	182565	99699	103126	162768	548158	318	1475	376	290	82	128	72	103	93	106	102	257	37	30	20	19	83	66	54	79	0
*	3p	+	10	180687	101438	103047	162961	548133	329	1366	358	289	98	112	66	86	103	93	85	254	42	26	23	19	92	71	74	72	0
*	3p	+	11	179197	102162	103539	163253	548151	312	1247	372	261	89	101	78	98	89	100	89	223	39	40	17	21	83	85	63	60	0
*	3p	+	12	179501	101443	104285	162861	548090	279	1248	391	270	115	91	70	103	101	99	90	235	43	35	23	28	115	94	74	69	0
*	3p	+	13	179417	101574	102839	164323	548153	320	1208	330	297	95	99	62	89	115	109	70	233	45	40	21	26	93	82	53	61	0
*	3p	+	14	178768	102035	103505	163800	548108	300	1192	388	291	104	111	76	117	102	90	103	266	57	47	24	25	111	97	59	67	0
*	3p	+	15	179437	101677	103600	163420	548134	322	1225	349	286	90	110	59	84	89	107	99	267	77	59	26	21	91	104	55	59	0
*	3p	+	16	179128	102311	102895	163767	548101	307	1243	327	289	110	116	69	98	110	113	98	263	59	50	34	36	112	97	69	63	0
*	3p	+	17	178231	102708	103428	163759	548126	295	1293	339	304	99	100	78	97	103	106	89	243	68	62	27	40	108	85	62	61	0
*	3p	+	18	179490	102588	102703	163310	548091	287	1237	355	295	89	102	93	81	99	120	111	241	70	58	36	29	115	99	64	73	0
*	3p	+	19	178262	102228	103519	164015	548024	312	1256	348	291	107	96	68	92	88	112	107	235	83	66	26	33	167	112	70	69	0
*	3p	+	20	177660	103096	103707	163583	548046	303	1268	358	297	92	114	70	92	95	93	100	242	81	57	33	42	164	112	67	53	0
*	3p	+	21	178319	102628	103346	163748	548041	286	1347	322	266	103	106	66	95	105	115	99	254	93	74	28	32	158	117	65	62	0
*	3p	+	22	178248	102964	103612	163239	548063	306	1359	374	287	97	104	62	110	107	88	85	230	106	61	29	35	152	108	56	64	0
*	3p	+	23	178868	101817	102981	164370	548036	314	1450	343	288	90	114	78	93	127	117	72	245	102	85	20	31	155	108	76	67	0
*	3p	+	24	179419	102010	103517	163020	547966	320	1400	366	283	118	96	87	96	113	103	86	257	100	76	33	33	177	129	89	82	0
*	3p	+	25	180278	101697	103085	162928	547988	315	1421	357	280	96	111	66	97	104	104	98	250	89	92	24	30	164	134	79	78	0
*	3p	+	26	180661	102161	102652	162552	548026	299	1438	371	288	104	97	70	81	89	106	84	262	103	76	23	18	158	136	67	56	0
*	3p	+	27	181245	102025	102832	162001	548103	332	1533	363	295	118	89	69	96	102	113	88	237	110	85	23	33	124	100	62	54	0
*	3p	+	28	181556	101708	103376	161480	548120	337	1681	378	271	112	135	56	107	114	132	105	259	92	62	18	22	143	105	36	39	0
*	3p	+	29	182867	101103	103105	161098	548173	385	1866	394	316	112	159	77	114	135	186	77	294	77	49	20	28	129	84	27	28	0
*	3p	+	30	183289	101491	102033	161391	548204	397	3185	588	318	151	224	90	168	133	291	90	305	81	73	19	20	120	68	23	23	0
*	3p	+	31	174252	95982	97254	153834	521322	361	3227	528	289	142	196	98	164	128	254	88	318	68	49	14	21	111	61	15	18	0
*	3p	+	32	165415	91140	92087	145510	494152	334	3236	484	260	132	224	78	142	86	264	96	292	95	44	12	19	74	71	23	13	0
*	3p	+	33	156299	85887	87197	137803	467186	332	3198	478	255	92	206	74	158	119	229	60	260	75	45	14	18	76	65	15	12	0
*	3p	+	34	147982	80540	82204	130130	440856	364	3317	426	225	107	197	70	152	84	240	66	261	73	42	13	22	75	57	18	13	0
*	3p	+	35	139009	75135	77628	122661	414433	292	3178	398	244	101	205	77	126	104	209	65	221	66	36	12	15	63	66	19	24	0
*	3p	+	36	131024	70352	71986	115371	388733	319	3134	443	221	94	178	80	143	71	260	61	235	53	42	12	14	67	54	16	11	0
*	3p	+	37	122268	66586	66860	108085	363799	237	3056	382	188	91	181	67	135	94	235	59	220	44	38	13	16	46	44	15	11	0
*	3p	+	38	114241	61683	63014	100561	339499	255	3027	359	185	90	169	67	106	78	190	49	189	45	26	9	11	49	46	12	10	0
*	3p	+	39	106213	57600	58344	94294	316451	216	2950	356	154	100	167	61	113	56	190	56	187	34	29	5	9	43	39	6	4	0
*	3p	+	40	98769	53496	54513	87555	294333	228	2802	336	162	91	157	54	117	63	194	43	187	30	22	6	12	45	25	6	13	0
*	3p	+	41	91577	49729	50785	81232	273323	216	2754	324	127	68	179	56	103	72	180	54	164	29	20	7	5	31	23	8	8	0
*	3p	+	42	85274	46093	46572	75353	253292	212	2643	295	133	69	143	38	111	67	154	51	163	27	22	6	10	35	16	8	5	0
*	3p	+	43	78795	42498	43184	69359	233836	191	2497	282	157	75	149	43	97	63	157	36	151	26	21	5	4	30	11	2	1	0
*	3p	+	44	72249	39117	39961	64163	215490	162	2307	242	110	63	138	48	83	55	160	35	141	14	24	8	6	28	21	6	2	0
*	3p	+	45	66630	35919	36338	59607	198494	155	2245	215	107	54	126	40	97	61	157	36	100	16	30	3	5	25	21	5	7	0
*	3p	+	46	61123	32962	33716	54615	182416	132	2085	206	84	62	103	45	72	52	151	36	111	20	19	2	4	23	16	1	4	0
*	3p	+	47	56123	30167	30999	50392	167681	134	1946	202	99	51	106	27	69	35	97	35	113	15	13	4	5	16	19	2	2	0
*	3p	+	48	51684	28095	28218	45996	153993	120	1737	192	88	44	104	26	67	38	130	28	102	8	17	4	2	19	17	5	9	0
*	3p	+	49	47163	25682	26046	42471	141362	110	1669	167	75	63	86	23	75	30	104	24	104	9	15	6	3	18	17	6	4	0
*	3p	+	50	43192	23486	23840	38895	129413	111	1472	139	68	35	73	30	53	19	86	21	64	7	20	2	2	16	12	4	3	0
*	3p	+	51	39667	21326	21832	35622	118447	91	1382	141	67	37	72	22	46	29	90	19	67	11	12	1	0	9	4	4	3	0
*	3p	+	52	35965	19941	20011	32545	108462	79	1354	133	51	35	53	20	53	28	76	18	77	8	3	2	3	14	8	4	4	0
*	3p	+	53	32969	17807	18306	30024	99106	84	1143	116	39	26	57	19	43	21	84	9	63	5	4	2	1	11	6	3	1	0
*	3p	+	54	30039	16363	16989	27146	90537	75	1097	104	35	31	48	14	42	25	76	8	50	5	4	0	1	3	5	4	5	0
*	3p	+	55	27379	15032	15219	25212	82842	69	990	91	53	25	45	20	35	24	54	11	59	6	4	3	2	6	5	4	1	0
*	3p	+	56	25341	13756	13910	22729	75736	63	909	105	45	21	53	15	33	26	53	12	52	6	2	4	0	8	5	1	0	0
*	3p	+	57	22950	12446	12930	20898	69224	56	837	66	34	23	42	12	20	18	48	3	46	5	6	3	2	7	7	1	2	0
*	3p	+	58	20968	11509	11794	19119	63390	51	752	76	24	22	44	6	31	21	40	8	56	10	2	1	4	3	3	1	3	0
*	3p	+	59	19048	10527	10688	17626	57889	45	695	67	28	22	37	9	18	14	39	8	35	1	1	1	1	5	3	0	0	0
*	3p	+	60	17565	9619	9841	15946	52971	50	639	68	25	16	36	7	18	20	34	11	33	2	2	1	0	5	4	0	2	0
*	3p	+	61	15873	8921	8824	14772	48390	36	603	55	30	13	28	13	21	14	34	4	29	2	2	0	0	2	3	1	2	0
*	3p	+	62	14546	8127	8133	13471	44277	32	509	65	21	9	21	6	16	11	32	7	29	0	0	1	1	3	4	0	0	0
*	3p	+	63	13395	7374	7395	12345	40509	31	487	54	25	15	32	6	20	10	23	6	29	1	2	1	0	1	4	1	1	0
*	3p	+	64	12076	6838	6865	11353	37132	23	466	47	21	15	29	4	14	8	35	4	19	2	2	0	1	5	2	0	0	0
*	3p	+	65	11012	6230	6271	10417	33930	35	399	51	17	2	23	6	16	12	22	3	15	2	2	0	1	1	0	1	1	0
*	3p	+	66	10264	5709	5803	9360	31136	32	378	37	16	3	20	5	13	13	20	2	15	2	0	0	2	1	0	0	2	0
*	3p	+	67	9213	5298	5363	8625	28499	29	382	34	10	5	24	2	11	10	22	3	21	1	1	2	1	0	1	1	0	0
*	3p	+	68	8554	4765	4954	7897	26170	21	325	24	10	4	18	9	8	6	20	3	10	3	0	1	0	0	2	0	0	0
*	3p	+	69	7838	4331	4501	7288	23958	16	290	26	19	7	8	2	6	3	13	1	22	3	2	0	0	1	0	0	0	0
*	3p	+	70	7276	4192	4043	6476	21987	15	285	22	10	7	12	5	8	6	14	2	9	0	1	0	0	0	2	0	0	0
*	3p	-	1	171275	105793	97380	175530	549978	448	41895	757	316	160	415	104	203	172	259	81	270	0	0	0	0	0	0	0	0	0
*	3p	-	2	185959	103958	98490	161573	549980	427	20855	636	262	134	235	67	176	149	199	99	260	0	0	0	0	4	2	0	2	0
*	3p	-	3	179985	97017	106338	166626	549966	351	4662	535	314	127	168	97	137	128	158	82	299	5	1	1	0	16	7	1	5	0
*	3p	-	4	185401	95489	106640	162364	549894	377	3335	478	277	112	128	85	102	98	109	93	254	7	5	1	0	51	32	8	13	0
*	3p	-	5	186437	93176	106254	163945	549812	361	2477	492	262	109	110	72	115	113	126	93	267	29	14	3	10	93	51	17	27	0
*	3p	-	6	188350	95438	106431	159492	549711	304	2045	411	286	102	110	79	104	90	96	83	251	45	17	12	8	137	85	40	32	0
*	3p	-	7	184663	98247	104686	162027	549623	304	1792	389	288	101	130	78	94	97	111	96	270	62	58	23	17	133	98	63	93	0
*	3p	-	8	185502	97587	103834	162680	549603	300	1559	368	273	112	104	57	97	100	103	93	273	71	60	28	23	145	124	67	73	0
*	3p	-	9	182224	99684	104520	163165	549593	325	1466	351	270	97	102	84	91	71	109	75	274	96	64	34	32	175	108	69	68	0
*	3p	-	10	180304	101407	103893	164012	549616	273	1300	371	292	87	106	79	89	88	115	85	274	98	81	38	32	147	120	72	59	0
*	3p	-	11	178877	102230	103815	164688	549610	314	1330	338	311	91	113	71	105	83	99	89	283	99	85	36	21	152	107	54	90	0
*	3p	-	12	180173	101114	104451	163914	549652	313	1272	332	294	89	105	62	92	90	94	103	278	102	71	26	22	142	110	52	59	0
*	3p	-	13	179381	101824	103973	164454	549632	286	1241	319	313	103	93	75	121	87	105	86	263	87	71	24	36	142	114	62	66	0
*	3p	-	14	179337	102020	104551	163718	549626	310	1237	346	309	83	108	62	99	98	106	93	269	106	94	30	29	124	134	67	65	0
*	3p	-	15	179161	102584	104155	163702	549602	294	1209	322	298	101	106	69	95	90	116	88	240	105	71	27	31	135	124	71	84	0
*	3p	-	16	179344	102445	103477	164393	549659	312	1257	354	306	114	94	67	86	115	108	88	229	105	74	31	31	136	102	61	58	0
*	3p	-	17	178778	102824	103520	164496	549618	289	1263	356	303	109	122	62	86	85	114	95	258	101	63	39	42	132	118	82	65	0
*	3p	-	18	179259	102082	103834	164475	549650	302	1245	369	306	113	118	64	98	91	87	92	279	80	69	24	41	122	104	62	77	0
*	3p	-	19	178470	103106	103667	164379	549622	275	1298	334	274	105	111	52	94	101	111	101	235	81	80	37	44	127	128	58	80	0
*	3p	-	20	178214	102812	103783	164851	549660	274	1280	337	320	102	108	60	106	77	115	86	255	92	87	31	31	107	108	70	70	0
*	3p	-	21	177686	102586	104601	164759	549632	288	1314	327	310	95	115	60	74	85	91	102	261	96	82	32	42	126	108	63	86	0
*	3p	-	22	177988	102711	104396	164535	549630	313	1319	348	296	110	107	65	90	82	114	61	234	101	84	36	28	132	110	71	72	0
*	3p	-	23	179362	101859	103721	164710	549652	310	1307	332	328	122	102	56	92	104	101	83	224	65	69	30	32	118	102	75	68	0
*	3p	-	24	179877	101911	103799	164056	549643	318	1282	339	323	116	101	68	101	92	115	108	260	77	61	27	31	117	120	70	64	0
*	3p	-	25	180301	101703	103781	163892	549677	319	1345	355	278	102	101	73	86	76	107	83	265	73	54	34	29	107	101	67	62	0
*	3p	-	26	181138	101655	103409	163462	549664	328	1532	388	309	96	96	70	91	98	106	103	258	58	49	26	26	109	109	60	72	0
*	3p	-	27	181109	103018	103794	161878	549799	328	1494	358	312	99	111	81	111	94	110	98	257	64	72	22	25	79	54	39	43	0
*	3p	-	28	182300	101536	103852	162141	549829	324	1642	395	308	111	127	83	94	88	111	86	274	50	55	23	24	60	60	29	36	0
*	3p	-	29	182651	101569	103677	161978	549875	353	1790	432	307	105	139	99	111	110	173	78	292	52	42	13	19	48	49	21	22	0
*	3p	-	30	182620	101449	103014	162795	549878	368	3209	551	314	154	221	111	152	120	295	107	311	39	35	17	25	49	40	21	24	0
*	3p	-	31	174527	96930	97355	154307	523119	315	3293	528	321	126	246	101	152	113	265	90	297	43	32	8	25	44	35	21	19	0
*	3p	-	32	165781	91016	92874	146097	495768	339	3227	477	298	142	232	75	160	93	264	69	310	36	39	12	7	47	51	17	15	0
*	3p	-	33	157336	85673	87523	138286	468818	321	3256	502	255	130	208	79	141	83	231	67	285	30	31	9	21	32	37	15	14	0
*	3p	-	34	147962	80532	83053	130693	442240	340	3203	493	245	95	195	73	158	88	218	60	287	28	36	6	13	41	19	14	15	0
*	3p	-	35	139650	75771	77808	122857	416086	298	3164	451	221	114	206	63	131	92	230	57	238	27	21	11	14	40	30	10	15	0
*	3p	-	36	131383	70433	72357	116156	390329	268	3054	396	201	93	175	69	131	104	237	60	266	21	25	11	8	36	29	4	9	0
*	3p	-	37	122030	66112	68088	109175	365405	261	3019	401	197	103	169	50	117	73	211	60	227	23	17	9	13	26	11	7	12	0
*	3p	-	38	114667	61846	63346	101310	341169	257	3037	371	192	89	176	53	112	75	203	49	203	12	21	7	10	26	17	8	7	0
*	3p	-	39	106446	57460	58881	95015	317802	252	2943	335	191	83	174	55	118	72	173	55	219	22	12	3	9	23	11	8	10	0
*	3p	-	40	99283	53363	54831	87896	295373	241	2831	344	183	78	168	43	109	67	216	56	195	10	12	6	7	20	22	3	10	0
*	3p	-	41	91419	49753	51369	81612	274153	204	2684	322	148	76	167	50	102	55	190	37	160	9	14	8	4	21	10	8	4	0
*	3p	-	42	84919	45914	47284	75886	254003	205	2726	306	134	81	142	46	103	45	172	33	169	13	13	2	9	13	13	5	2	0
*	3p	-	43	78507	42364	43591	70172	234634	170	2493	270	139	79	134	43	79	61	162	45	158	13	7	3	8	14	12	5	8	0
*	3p	-	44	72930	39231	39970	64292	216423	177	2360	268	108	65	135	35	98	47	168	26	169	6	18	8	6	9	14	3	5	0
*	3p	-	45	66174	35806	37279	59818	199077	145	2272	229	89	61	111	30	80	48	175	43	147	12	9	3	3	13	13	5	6	0
*	3p	-	46	61160	32900	33980	55004	183044	152	2107	209	108	48	110	33	77	54	141	27	105	11	10	4	5	12	10	3	4	0
*	3p	-	47	56381	30307	30975	50540	168203	122	1858	216	127	48	97	25	77	52	136	19	120	7	9	2	4	5	7	5	4	0
*	3p	-	48	51604	27782	28534	46547	154467	115	1722	176	95	55	82	39	77	39	95	21	98	4	8	3	1	7	10	1	3	0
*	3p	-	49	47057	25655	26300	42714	141726	121	1671	158	83	49	91	32	55	38	89	36	77	4	10	4	2	5	3	2	3	0
*	3p	-	50	43599	23299	23979	38943	129820	88	1437	151	75	31	82	27	52	23	114	25	81	8	6	1	3	7	4	3	2	0
*	3p	-	51	39679	21283	22178	35634	118774	99	1409	144	65	23	62	22	45	31	106	23	85	3	8	3	2	6	3	4	5	0
*	3p	-	52	36543	19416	20047	32751	108757	73	1232	151	60	48	65	16	40	15	90	15	67	1	4	2	4	3	6	1	0	0
*	3p	-	53	33252	17933	18459	29841	99485	76	1195	134	53	29	70	23	51	24	69	11	64	6	5	2	3	5	5	3	2	0
*	3p	-	54	30110	16527	16864	27381	90882	68	1162	124	49	33	59	18	37	22	64	19	50	5	5	0	2	6	3	2	2	0
*	3p	-	55	27313	15048	15570	25203	83134	64	1020	100	34	25	45	10	36	23	44	7	58	3	2	1	3	3	0	1	1	0
*	3p	-	56	25303	13633	14220	22882	76038	61	893	77	38	26	40	13	35	17	62	16	42	2	2	1	3	3	0	5	2	0
*	3p	-	57	23040	12586	12903	21013	69542	55	810	89	33	24	36	6	30	17	44	11	51	4	1	1	0	2	2	1	3	0
*	3p	-	58	20960	11541	11969	19099	63569	53	776	76	34	14	35	14	28	14	33	14	57	2	4	4	1	1	3	0	2	0
*	3p	-	59	19225	10395	10833	17681	58134	43	683	76	23	10	35	10	30	10	43	8	34	5	2	0	0	1	1	1	1	0
*	3p	-	60	17604	9461	9974	16076	53115	32	659	58	20	11	29	16	7	12	45	7	40	3	5	0	0	4	0	0	2	0
*	3p	-	61	16038	8768	8856	14885	48547	41	584	69	26	14	21	9	21	8	42	11	22	2	1	0	0	2	1	2	2	0
*	3p	-	62	14711	7952	8224	13527	44414	36	568	48	27	11	32	12	16	7	28	6	28	0	1	0	1	2	2	0	1	0
*	3p	-	63	13285	7477	7653	12366	40781	28	520	46	22	9	22	11	21	10	39	6	25	2	2	0	1	1	1	0	0	0
*	3p	-	64	12416	6725	6908	11422	37471	38	443	49	21	9	23	10	23	12	29	5	19	4	1	0	1	1	2	1	1	0
*	3p	-	65	11196	6218	6403	10517	34334	37	462	38	16	13	22	3	17	14	28	10	31	0	0	1	2	2	0	1	0	0
*	3p	-	66	10147	5762	5896	9564	31369	35	424	45	26	13	13	5	12	6	20	3	19	3	1	1	1	0	1	0	0	0
*	3p	-	67	9433	5200	5303	8774	28710	23	395	38	15	8	18	8	13	4	24	7	19	0	0	0	0	0	0	0	1	0
*	3p	-	68	8534	4886	4865	7986	26271	20	314	31	19	3	10	3	13	7	26	4	19	1	0	1	0	0	0	0	2	0
*	3p	-	69	7760	4433	4469	7491	24153	12	302	21	8	6	18	4	10	7	15	3	10	2	1	0	1	2	0	0	0	0
*	3p	-	70	7190	3987	4253	6784	22214	17	264	25	12	8	11	8	14	6	11	2	18	0	0	0	0	0	0	0	0	0
*	5p	+	1	190647	109071	86730	161971	548419	1280	36073	2776	630	706	2023	416	1316	470	2460	181	1037	0	0	0	0	0	0	0	0	1
*	5p	+	2	195904	88750	103739	159997	548390	879	7095	1277	453	416	846	222	395	283	1067	137	635	0	0	0	0	14	11	3	5	1
*	5p	+	3	193623	93503	108004	153223	548353	519	4515	690	313	176	342	143	223	191	436	90	409	5	1	3	4	34	22	12	9	0
*	5p	+	4	189914	101417	105335	151582	548248	374	3064	502	311	143	166	98	152	134	200	85	250	17	13	5	4	79	49	34	20	0
*	5p	+	5	188845	102248	103119	153845	548057	334	2346	430	259	101	144	90	108	111	164	77	255	34	39	20	20	118	93	87	80	0
*	5p	+	6	184829	102123	102367	158756	548075	337	2023	379	289	93	123	86	119	117	132	95	258	39	38	19	16	136	91	70	65	0
*	5p	+	7	184282	101329	102245	160188	548044	338	1789	358	273	104	103	69	100	100	120	99	246	73	47	18	29	143	102	83	66	0
*	5p	+	8	183255	101048	102635	161111	548049	322	1574	346	267	93	90	59	91	89	128	88	270	88	57	24	25	143	96	76	75	0
*	5p	+	9	181104	101622	102976	162374	548076	325	1445	369	264	105	114	64	106	97	96	97	251	98	64	27	21	131	114	59	60	0
*	5p	+	10	179731	102252	104005	162053	548041	328	1331	353	294	94	118	56	94	110	99	108	248	93	75	24	26	150	104	69	75	0
*	5p	+	11	179726	102902	103346	162090	548064	293	1302	349	290	100	111	57	97	107	110	97	240	93	64	21	31	147	97	74	60	0
*	5p	+	12	179599	103059	103504	161874	548036	312	1295	318	301	102	87	79	94	94	107	99	234	85	82	28	28	163	133	56	55	0
*	5p	+	13	179955	102649	102838	162599	548041	298	1278	298	279	105	95	76	105	103	106	101	257	96	60	20	38	135	126	75	65	0
*	5p	+	14	179129	102735	102391	163805	548060	322	1217	338	306	94	92	69	87	102	99	91	251	97	71	28	36	150	99	58	74	0
*	5p	+	15	178127	103139	103115	163669	548050	307	1242	358	319	104	110	71	90	99	109	77	256	90	68	24	36	152	105	67	68	0
*	5p	+	16	177991	103488	103014	163558	548051	297	1251	354	283	106	114	72	85	88	107	88	261	92	72	28	30	151	130	63	48	0
*	5p	+	17	177928	103638	103357	163118	548041	311	1344	351	257	96	103	72	106	99	105	83	203	102	67	29	32	151	113	61	77	0
*	5p	+	18	178147	102425	103228	164244	548044	317	1201	356	272	104	89	61	87	103	95	77	255	93	75	40	42	149	118	60	72	0
*	5p	+	19	177781	102863	102821	164570	548035	297	1263	369	265	92	96	93	94	107	93	105	273	101	94	30	39	150	124	63	71	0
*	5p	+	20	178612	103120	102527	163807	548066	283	1225	324	301	95	110	77	97	110	91	78	226	95	68	29	33	143	110	65	59	0
*	5p	+	21	178638	102820	102583	164004	548045	307	1258	368	285	91	121	57	90	95	104	96	247	101	78	32	22	156	108	68	66	0
*	5p	+	22	178816	102123	103374	163716	548029	316	1288	344	308	109	95	70	94	104	109	89	263	95	58	31	20	158	120	62	74	0
*	5p	+	23	179223	101799	103026	163966	548014	326	1311	361	297	86	110	77	81	107	97	107	254	82	58	30	26	158	111	78	83	0
*	5p	+	24	180000	101461	103347	163265	548073	351	1382	380	277	84	120	64	97	85	106	100	243	82	76	24	33	129	113	69	59	0
*	5p	+	25	179580	102254	103205	163111	548150	312	1415	374	305	84	103	61	99	78	114	92	221	64	51	18	43	97	104	46	46	0
*	5p	+	26	180130	101221	103264	163625	548240	317	1463	358	283	89	102	68	90	117	111	92	254	52	47	22	24	74	73	29	26	0
*	5p	+	27	180172	101514	103729	162837	548252	311	1544	388	257	85	98	67	97	110	115	92	240	71	57	16	19	76	56	27	30	0
*	5p	+	28	180490	100441	103971	163383	548285	313	1641	338	311	95	110	73	89	108	107	108	251	64	36	14	19	66	53	17	20	0
*	5p	+	29	181017	100579	103460	163259	548315	300	2354	397	293	102	135	69	105	123	97	88	250	51	28	10	19	55	50	11	10	0
*	5p	+	30	181353	100572	103065	163317	548307	319	4059	394	307	96	122	71	113	109	131	100	251	40	42	17	15	64	40	14	15	0
*	5p	+	31	172390	95429	97624	155963	521406	278	4195	388	269	100	113	60	96	87	109	87	249	38	35	11	9	52	42	15	13	0
*	5p	+	32	163859	89827	92875	147673	494234	292	4185	375	224	96	100	44	86	86	95	64	201	29	39	4	13	38	34	17	13	0
*	5p	+	33	155408	84665	87342	139845	467260	250	4194	319	215	80	93	58	83	81	88	63	198	35	32	11	9	29	40	10	17	0
*	5p	+	34	145954	79995	82742	132224	440915	235	4147	322	206	63	101	51	70	54	84	61	173	35	31	7	14	38	37	14	12	0
*	5p	+	35	137257	74645	77560	125057	414519	227	4019	327	195	60	76	48	71	64	85	63	192	29	30	8	7	41	27	8	9	0
*	5p	+	36	129008	70002	72730	117055	388795	245	4064	253	184	67	90	58	60	70	70	58	173	25	23	6	8	41	29	9	8	0
*	5p	+	37	120787	65159	68200	109697	363843	214	3818	287	186	69	73	42	63	68	57	54	148	21	25	8	9	30	27	5	14	0
*	5p	+	38	112617	60544	63772	102618	339551	197	3883	268	161	65	78	42	55	61	63	43	143	19	20	5	11	27	24	6	11	0
*	5p	+	39	105049	56748	59025	95663	316485	175	3678	259	156	59	59	35	67	44	68	40	165	9	16	5	5	18	25	9	8	0
*	5p	+	40	97296	52780	54799	89494	294369	179	3629	229	139	44	65	36	57	43	54	30	132	20	13	5	9	21	21	8	4	0
*	5p	+	41	90291	48861	51018	83179	273349	168	3535	228	127	52	80	23	61	35	57	37	123	18	17	6	5	16	19	4	5	0
*	5p	+	42	83560	45476	47453	76825	253314	155	3478	206	110	39	72	22	75	37	50	38	113	21	11	5	2	15	16	4	5	0
*	5p	+	43	77588	41492	43245	71515	233840	131	3185	193	106	39	60	28	45	45	34	30	100	11	15	6	3	17	13	5	3	0
*	5p	+	44	71074	38366	40222	65851	215513	138	2998	172	88	33	50	20	49	51	50	31	84	13	7	2	4	10	14	3	5	0
*	5p	+	45	65710	35008	37079	60728	198525	125	2788	165	79	41	49	26	31	28	48	30	94	9	9	2	3	11	7	3	5	0
*	5p	+	46	60313	32561	33825	55739	182438	90	2580	138	91	24	51	19	39	30	43	27	64	6	2	1	7	6	11	3	1	0
*	5p	+	47	55148	29506	31195	51848	167697	91	2436	118	69	28	46	21	38	27	28	24	57	7	5	3	5	11	7	1	4	0
*	5p	+	48	50920	27102	28818	47178	154018	74	2203	120	65	30	47	20	44	27	32	15	68	13	4	5	6	10	12	2	1	0
*	5p	+	49	46322	25143	26551	43371	141387	83	2120	115	61	23	32	9	32	19	27	14	63	13	6	5	3	8	4	3	4	0
*	5p	+	50	42234	23212	24172	39810	129428	80	2012	118	55	18	25	23	26	21	22	16	54	5	2	3	3	8	8	3	1	0
*	5p	+	51	38760	21204	21991	36501	118456	67	1829	96	54	22	34	17	17	20	18	13	47	5	5	1	4	3	6	2	2	0
*	5p	+	52	35314	19583	19898	33684	108479	58	1705	88	49	14	26	21	27	19	22	20	43	4	5	0	1	7	4	1	3	0
*	5p	+	53	32143	17733	18578	30660	99114	52	1592	89	40	19	23	17	20	22	20	11	54	8	5	3	1	3	2	4	5	0
*	5p	+	54	29403	16213	16707	28220	90543	41	1395	79	38	18	26	14	20	12	21	6	34	3	5	3	1	5	1	2	2	0
*	5p	+	55	27079	14848	15133	25787	82847	44	1255	67	53	13	20	6	14	15	22	13	29	5	8	0	3	4	2	1	4	0
*	5p	+	56	24576	13601	14044	23518	75739	51	1165	63	41	12	21	7	10	22	15	12	36	3	3	1	1	4	1	2	3	0
*	5p	+	57	22471	12447	12851	21467	69236	34	1082	38	40	5	18	5	8	11	16	7	23	4	1	1	2	3	1	0	0	0
*	5p	+	58	20788	11455	11663	19486	63392	30	979	58	37	9	9	9	15	11	8	7	22	2	3	1	1	4	3	1	0	0
*	5p	+	59	18818	10163	10942	17961	57884	21	857	33	18	12	13	9	15	8	18	9	18	2	3	1	1	6	3	2	2	0
*	5p	+	60	17021	9522	9986	16443	52972	26	809	44	25	9	10	5	10	8	9	5	21	3	2	3	2	7	1	1	0	0
*	5p	+	61	15610	8727	9018	15035	48390	21	692	40	20	5	18	5	10	13	1	6	25	2	1	2	0	3	1	2	0	0
*	5p	+	62	14277	7996	8214	13788	44275	17	639	40	7	7	8	8	14	8	7	4	21	1	2	0	1	2	1	2	1	0
*	5p	+	63	13060	7277	7568	12598	40503	18	627	25	22	8	14	3	9	7	9	4	19	2	3	0	1	1	4	3	2	0
*	5p	+	64	11931	6657	6904	11638	37130	21	561	22	14	7	7	7	4	11	9	3	21	1	0	2	2	0	5	0	1	0
*	5p	+	65	10761	6210	6318	10636	33925	11	563	17	18	5	10	2	2	11	9	5	14	2	2	0	1	2	1	2	0	0
*	5p	+	66	9992	5636	5853	9650	31131	20	519	29	14	2	5	0	8	4	8	5	12	1	0	1	0	1	1	1	2	0
*	5p	+	67	9118	5213	5311	8854	28496	14	422	19	6	6	4	1	5	2	12	2	10	2	1	0	0	1	1	1	0	0
*	5p	+	68	8306	4848	4896	8119	26169	12	427	21	13	5	10	3	1	2	15	7	12	2	0	0	0	0	1	0	0	0
*	5p	+	69	7612	4425	4458	7461	23956	17	367	12	10	2	6	1	3	3	10	5	7	1	0	0	0	0	1	0	0	0
*	5p	+	70	7075	4123	4130	6655	21983	11	336	11	6	4	7	3	1	5	2	1	10	2	1	0	0	1	1	1	0	0
*	5p	-	1	190905	108812	87670	162588	549975	1258	35905	2756	640	729	1973	395	1246	474	2509	183	1058	0	0	0	0	0	0	0	0	1
*	5p	-	2	195570	89414	104542	160459	549985	837	7007	1305	456	393	857	214	415	257	1102	121	696	0	0	0	0	0	0	0	0	1
*	5p	-	3	194379	93491	108511	153612	549993	511	4398	749	313	186	349	129	223	161	431	92	390	0	0	0	0	0	0	1	2	0
*	5p	-	4	189008	101877	106691	152408	549984	387	3090	522	327	151	203	106	151	111	195	94	265	0	2	1	2	4	2	7	6	0
*	5p	-	5	189237	102737	103426	154335	549735	367	2374	436	301	110	131	88	119	99	136	96	262	14	21	18	15	62	69	68	75	0
*	5p	-	6	185648	101912	102779	159402	549741	301	2033	413	285	100	103	83	113	95	118	93	257	20	23	18	18	54	69	72	73	0
*	5p	-	7	184646	101314	102732	161042	549734	311	1774	398	322	93	100	54	89	79	111	94	268	20	22	14	21	83	65	67	62	0
*	5p	-	8	183387	100645	102895	162801	549728	295	1608	382	268	98	108	66	109	81	95	105	272	22	32	25	17	79	78	63	64	0
*	5p	-	9	181271	101392	104121	162951	549735	338	1453	375	306	108	107	70	94	86	129	98	274	23	32	17	20	86	67	64	61	0
*	5p	-	10	180683	102374	103912	162749	549718	293	1341	328	333	108	102	60	89	90	122	76	240	29	37	17	22	61	83	71	80	0
*	5p	-	11	179706	103249	104140	162654	549749	296	1292	324	311	99	109	51	102	79	122	103	251	39	44	26	25	71	71	61	62	0
*	5p	-	12	180530	103034	103633	162525	549722	306	1251	347	289	109	100	65	87	100	99	89	249	35	44	32	19	76	89	58	70	0
*	5p	-	13	178994	102653	104143	163946	549736	291	1280	361	294	106	99	57	93	93	123	74	251	40	49	25	40	78	58	56	87	0
*	5p	-	14	178501	102944	103511	164760	549716	312	1230	333	290	98	104	66	102	96	97	87	259	45	50	19	31	87	76	77	59	0
*	5p	-	15	178059	103143	103530	164970	549702	299	1238	361	320	97	103	66	98	95	83	86	234	48	35	26	28	82	88	76	67	0
*	5p	-	16	178023	103495	103941	164223	549682	291	1274	307	305	99	100	61	81	92	106	90	277	57	64	24	40	107	87	64	75	0
*	5p	-	17	178855	103249	103495	164070	549669	316	1281	366	287	103	100	63	99	81	106	82	277	68	50	24	36	110	119	56	62	0
*	5p	-	18	178145	102863	104142	164508	549658	299	1238	369	317	81	93	85	91	110	103	57	246	75	51	28	29	121	96	72	69	0
*	5p	-	19	178106	103153	103686	164721	549666	299	1294	342	318	89	116	71	98	81	109	107	224	80	64	41	28	119	105	63	62	0
*	5p	-	20	178645	102066	103814	165118	549643	318	1278	355	320	106	106	65	100	84	95	86	267	81	81	30	35	137	98	62	75	0
*	5p	-	21	178372	102878	103968	164419	549637	313	1296	329	309	91	108	71	78	71	97	73	226	72	69	31	34	137	101	70	70	0
*	5p	-	22	178991	102300	103880	164501	549672	320	1346	341	297	95	96	70	102	86	96	89	313	97	63	41	32	114	104	60	65	0
*	5p	-	23	179328	101999	103464	164839	549630	305	1298	322	300	84	103	64	92	85	115	88	268	93	83	26	36	143	104	69	69	0
*	5p	-	24	179823	101879	103599	164342	549643	279	1380	354	311	88	100	73	100	97	85	96	224	92	78	28	44	119	112	63	77	0
*	5p	-	25	180166	102077	103819	163611	549673	298	1369	338	291	89	120	71	98	87	119	90	259	104	73	36	29	130	113	55	43	0
*	5p	-	26	180040	101247	104472	163965	549724	357	1465	385	313	101	87	62	122	108	112	84	298	90	71	24	29	109	89	38	55	0
*	5p	-	27	180135	100937	104505	164189	549766	303	1497	357	304	99	97	84	88	111	108	95	256	90	74	23	23	110	78	26	33	0
*	5p	-	28	180942	100279	104756	163824	549801	359	1698	375	289	100	104	72	99	92	116	84	256	90	50	15	18	101	66	19	26	0
*	5p	-	29	181492	100292	104384	163647	549815	282	2314	360	279	101	110	69	96	90	121	81	250	60	50	16	14	85	65	21	26	0
*	5p	-	30	181062	100842	103749	164180	549833	325	4030	414	273	104	161	77	98	111	112	91	293	60	49	11	19	78	66	10	22	0
*	5p	-	31	173072	95223	98868	155892	523055	282	4128	403	277	96	124	76	83	110	110	74	249	78	56	15	21	81	67	19	15	0
*	5p	-	32	163674	89910	93385	148766	495735	268	4234	327	224	79	114	65	80	78	95	69	244	67	49	12	17	81	55	11	16	0
*	5p	-	33	155116	84652	88056	140938	468762	267	4239	350	240	92	100	54	77	78	75	71	224	46	58	16	25	75	47	12	19	0
*	5p	-	34	146157	79579	83015	133423	442174	231	4133	328	200	79	90	67	84	73	89	67	165	58	45	11	16	85	47	13	11	0
*	5p	-	35	138311	74813	78228	124682	416034	262	4039	275	206	89	71	47	89	65	82	55	175	69	36	11	17	69	61	5	14	0
*	5p	-	36	129157	70040	73396	117673	390266	207	3961	288	211	67	99	58	66	57	65	53	183	46	49	13	14	72	49	12	12	0
*	5p	-	37	120611	65487	68463	110760	365321	193	3901	323	167	53	80	48	73	50	77	44	172	39	40	12	9	67	44	17	13	0
*	5p	-	38	112876	60684	64407	103142	341109	207	3822	263	197	49	78	33	46	53	58	48	198	55	37	9	11	52	46	6	15	0
*	5p	-	39	105545	56143	60155	95897	317740	187	3709	233	145	57	76	38	57	61	59	57	128	51	34	14	11	53	46	10	6	0
*	5p	-	40	97858	52385	55485	89609	295337	157	3521	221	126	53	64	37	52	50	46	46	141	36	23	11	5	44	35	9	7	0
*	5p	-	41	90372	49052	51417	83269	274110	132	3493	212	117	49	69	30	48	51	50	38	132	29	29	7	7	33	31	11	8	0
*	5p	-	42	83844	45418	47450	77259	253971	167	3471	206	107	33	56	25	48	37	50	32	118	30	25	8	10	32	22	5	5	0
*	5p	-	43	77190	41944	43960	71501	234595	130	3261	186	139	38	65	19	46	37	53	35	97	36	19	7	4	33	31	5	5	0
*	5p	-	44	71234	38838	40225	66081	216378	124	3039	181	102	43	61	33	37	40	48	30	111	28	25	4	4	33	27	2	9	0
*	5p	-	45	65531	35165	37091	61258	199045	127	2811	168	100	31	41	16	42	28	45	22	85	15	16	6	7	31	26	2	4	0
*	5p	-	46	60215	32363	34306	56119	183003	105	2686	156	101	30	42	32	29	28	33	36	83	19	17	7	2	32	23	3	10	0
*	5p	-	47	55442	29634	31466	51639	168181	79	2349	120	70	31	46	24	27	46	44	24	81	14	19	3	2	22	11	4	4	0
*	5p	-	48	50351	27562	28812	47710	154435	71	2267	137	68	40	32	9	23	27	28	32	80	15	8	5	6	26	16	3	5	0
*	5p	-	49	46352	25367	26181	43791	141691	85	2129	126	81	31	29	11	25	24	38	15	72	18	9	5	5	25	14	4	4	0
*	5p	-	50	42567	22975	24173	40083	129798	56	1976	95	55	14	39	10	17	19	35	16	70	13	12	6	3	18	9	5	5	0
*	5p	-	51	38780	21321	21844	36822	118767	50	1749	103	62	24	21	11	23	16	25	14	67	17	11	5	4	13	12	0	1	0
*	5p	-	52	35586	19326	20181	33654	108747	61	1584	77	46	12	20	16	23	15	12	17	46	12	8	1	1	10	7	1	2	0
*	5p	-	53	32369	17730	18617	30748	99464	51	1500	73	39	13	17	7	19	16	16	16	42	9	6	3	4	16	13	3	4	0
*	5p	-	54	29393	16120	17215	28137	90865	58	1343	57	40	10	20	9	21	12	13	19	42	17	8	0	3	16	6	3	7	0
*	5p	-	55	26897	14925	15396	25899	83117	49	1262	67	39	17	18	8	20	12	24	9	38	12	7	1	1	13	10	0	3	0
*	5p	-	56	24580	13571	14103	23772	76026	31	1128	60	34	15	13	8	15	8	9	10	35	8	5	2	0	9	6	1	8	0
*	5p	-	57	22671	12290	12996	21579	69536	41	999	55	39	12	16	9	12	10	16	9	37	5	5	2	1	8	4	1	3	0
*	5p	-	58	20504	11400	11906	19751	63561	31	1007	47	34	9	17	5	11	10	10	11	25	4	4	1	2	5	5	2	4	0
*	5p	-	59	18761	10336	10797	18238	58132	45	889	35	13	12	11	8	6	4	12	9	29	7	1	1	3	3	3	0	2	0
*	5p	-	60	17053	9600	9989	16472	53114	22	811	30	19	6	8	7	13	2	13	5	24	1	6	1	0	2	2	1	2	0
*	5p	-	61	15597	8812	8916	15220	48545	32	722	38	26	5	15	7	11	13	9	6	25	6	2	0	1	4	4	0	1	0
*	5p	-	62	14500	7914	8186	13811	44411	27	687	37	14	13	9	1	7	5	7	9	22	5	2	1	1	4	2	2	0	0
*	5p	-	63	13110	7326	7666	12669	40771	22	690	25	14	8	8	3	10	7	3	11	12	4	6	0	3	5	5	0	1	0
*	5p	-	64	12015	6774	6921	11757	37467	23	623	23	11	4	12	2	4	6	8	5	14	1	1	1	0	4	4	0	0	0
*	5p	-	65	11053	6268	6338	10671	34330	12	549	30	18	9	6	9	11	7	8	8	26	2	3	0	0	3	2	2	1	0
*	5p	-	66	10063	5738	5966	9596	31363	16	527	32	18	6	10	5	5	6	11	10	16	2	2	0	1	3	1	0	2	0
*	5p	-	67	9275	5077	5393	8961	28706	23	471	31	8	1	10	3	8	4	4	4	17	3	2	0	1	2	1	1	0	0
*	5p	-	68	8337	4783	4934	8211	26265	14	413	26	12	2	5	1	4	4	4	2	10	4	3	0	1	3	3	0	2	0
*	5p	-	69	7742	4289	4541	7574	24146	10	387	20	11	6	1	2	6	4	7	5	21	3	4	0	0	5	3	0	0	0
*	5p	-	70	7062	3940	4218	6988	22208	16	303	8	12	4	7	2	5	2	7	3	9	1	1	1	1	2	2	0	1	0
