# table produced by mapDamage version 2.2.1
# using mapped file - and /projects/mjolnir1/people/pzx702/wildebeest/refgenomes/BWD_HiC.chr_Human_fossilMito.fasta as reference file
# Chr: reference from sam/bam header, End: from which termini of DNA sequences, Std: strand of reads
Chr	End	Std	Pos	A	C	G	T	Total	G>A	C>T	A>G	T>C	A>C	A>T	C>G	C>A	T>G	T>A	G>C	G>T	A>-	T>-	C>-	G>-	->A	->T	->C	->G	S
*	3p	+	1	8235663	4985005	4537857	8024534	25783059	20748	1975034	35754	15299	6769	14189	4863	7749	8957	10105	3308	10002	0	0	0	0	0	0	0	0	6
*	3p	+	2	8803359	5111481	5002226	6866286	25783352	24901	954213	32333	19377	8376	9169	5169	9109	10919	8833	6224	7785	1	1	1	0	1	2	1	0	6
*	3p	+	3	8621331	4506615	5405150	7250510	25783606	20738	191255	30616	19729	8345	8277	4382	20170	17588	15466	8241	9485	7	3	3	0	11	9	5	22	4
*	3p	+	4	8797611	4442860	5209245	7333909	25783625	18429	133034	24811	17870	7687	10757	3814	12410	12145	9280	4378	10071	10	5	5	7	57	63	52	78	2
*	3p	+	5	8719157	4488892	5184253	7390997	25783299	16687	102914	21888	17977	7219	5727	3513	6613	9876	6151	3692	10058	30	27	38	31	184	181	149	192	1
*	3p	+	6	8710429	4601808	5140094	7325834	25778165	15530	83665	20327	14688	6793	4789	3317	5411	9056	4833	3584	9844	108	128	96	112	1506	1442	1398	1604	0
*	3p	+	7	8561319	4788603	5039411	7383934	25773267	14983	72896	18970	13838	6763	4556	3219	4891	8103	4546	3469	9506	719	736	564	610	2803	2745	2572	2757	0
*	3p	+	8	8520711	4813584	5057006	7380596	25771897	15256	64801	19098	13776	7168	4536	3081	4675	7266	4573	3432	9386	1199	1122	923	939	3278	3104	2895	2999	0
*	3p	+	9	8407776	4887368	5065063	7411060	25771267	15031	62151	18446	13968	6920	4366	3081	4682	7359	4524	3499	9251	1399	1263	1019	1102	3548	3317	2837	3242	0
*	3p	+	10	8338216	4947617	5033467	7451643	25770943	14707	57501	17554	13940	6870	4394	3138	4738	7363	4416	3571	9343	1519	1509	1083	1092	3720	3489	2998	3077	0
*	3p	+	11	8293615	4977587	5044564	7454738	25770504	14663	53256	17723	14068	7020	4424	3172	4472	7466	4566	3431	9563	1694	1714	1086	1170	3874	3606	3052	3205	0
*	3p	+	12	8325319	4953779	5064610	7426402	25770110	14805	50749	17231	13855	6815	4414	3159	4551	7415	4394	3458	9580	1964	1790	1135	1215	4189	3558	3099	3290	0
*	3p	+	13	8317847	4954962	5025860	7471200	25769869	14446	49778	17413	14120	7424	4453	3182	4405	7291	4369	3408	9817	2052	1885	1219	1237	4250	3747	3167	3224	0
*	3p	+	14	8346597	4951290	5052948	7418629	25769464	14605	49946	16926	13741	6882	4335	3070	4521	7413	4334	3432	9461	2342	1992	1212	1332	4559	3787	3183	3272	0
*	3p	+	15	8336675	4960810	5055505	7416358	25769348	14547	50502	16951	13983	6819	4323	3215	4661	7666	4356	3544	9425	2619	2119	1233	1359	4644	4011	3050	3212	0
*	3p	+	16	8311823	4969980	5035844	7451372	25769019	14580	50679	17032	14242	7047	4419	3087	4334	7466	4317	3474	9381	2809	2286	1265	1403	4859	4070	3034	3283	0
*	3p	+	17	8294591	4983747	5027476	7462816	25768630	14538	51065	16804	13919	7161	4380	3092	4429	7302	4365	3456	9138	3014	2372	1267	1460	5011	4285	3080	3260	0
*	3p	+	18	8316305	4963419	5040098	7448701	25768523	14657	50995	16878	13931	7098	4232	3143	4623	7297	4573	3447	9121	3171	2474	1363	1479	5184	4206	3052	3303	0
*	3p	+	19	8298658	4984138	5044594	7440731	25768121	14443	51533	17004	13990	7611	4289	3112	4399	6705	4380	3336	9007	3383	2734	1277	1427	5536	4231	3161	3209	0
*	3p	+	20	8289817	4985471	5051021	7441236	25767545	14385	52106	17114	14014	8477	4413	3090	4970	6694	4319	3392	8955	3539	2752	1267	1421	5594	4525	3184	3414	0
*	3p	+	21	8277896	4995665	5056970	7437014	25767545	14471	53123	16835	13806	8010	4286	3081	4404	5386	4328	3531	9513	3657	2805	1270	1524	5797	4509	3076	3328	0
*	3p	+	22	8298029	4978607	5052714	7437869	25767219	14463	53700	16899	14175	8081	4264	3084	4398	6218	4411	3318	8989	3810	2930	1262	1494	5914	4633	3217	3274	0
*	3p	+	23	8321514	4959275	5044789	7441523	25767101	14399	54574	17097	13937	8410	4271	3212	4296	6082	4316	3213	9172	3888	2974	1372	1511	6010	4703	3144	3298	0
*	3p	+	24	8332154	4952232	5058861	7423536	25766783	14550	56202	16913	14020	8912	4348	3096	4355	6439	4395	3421	9030	3980	2988	1324	1479	6114	4613	3253	3491	0
*	3p	+	25	8333058	4958343	5060718	7414279	25766398	14498	58555	17416	13876	9559	4186	3188	4343	6996	4303	3443	9081	3877	3034	1363	1407	6137	4962	3336	3414	0
*	3p	+	26	8319177	4960192	5070293	7416936	25766598	14569	61474	17452	14403	12760	4278	3175	4270	5311	4344	3412	9180	3848	2906	1340	1405	6082	4838	3263	3457	0
*	3p	+	27	8309170	4966649	5079301	7415105	25770225	14585	65747	17704	14443	13455	4481	3333	4429	5397	4531	3324	9134	3868	3009	1240	1406	5297	3988	2243	2475	0
*	3p	+	28	8305995	4942497	5104433	7420227	25773152	14415	72335	18101	14888	13429	4538	3376	4448	5569	4750	3490	9178	3573	2723	1142	1165	4563	3334	1503	1648	0
*	3p	+	29	8307500	4903324	5121272	7442939	25775035	15347	86834	19402	14750	14869	5588	3520	4939	6148	5699	3401	9561	3333	2399	914	980	3972	2809	1139	1213	0
*	3p	+	30	8338699	4903814	5053075	7480873	25776461	16952	168847	22389	15261	15602	8457	4139	6362	6300	7711	3635	10403	2904	2146	792	892	3372	2401	906	983	0
*	3p	+	31	7817554	4614335	4744526	7058405	24234820	15396	171603	21769	13858	15762	7459	3737	6131	5655	7156	3181	9424	2666	1899	702	808	3085	2252	685	809	0
*	3p	+	32	7314982	4312727	4442253	6618340	22688302	14344	172833	19747	12884	14537	6947	3394	5392	5027	6612	2766	9054	2396	1807	586	662	2715	1979	698	725	0
*	3p	+	33	6823684	4017713	4150531	6183073	21175001	13143	170785	18820	12158	13745	6412	3179	5087	4647	6008	2567	8133	2172	1680	594	623	2503	1795	600	677	0
*	3p	+	34	6338647	3732800	3855895	5771798	19699140	12113	168592	17553	11080	12784	6057	2949	4712	4105	5943	2407	7800	1993	1580	553	592	2183	1676	606	553	0
*	3p	+	35	5870968	3454402	3575880	5360075	18261325	11584	164444	16272	10311	11622	5704	2735	4465	3980	5505	2256	7188	1783	1436	469	531	1971	1490	495	512	0
*	3p	+	36	5414563	3194571	3300705	4966129	16875968	10508	158825	15316	9247	11107	5245	2571	4146	3541	5126	2092	6631	1573	1305	395	458	1787	1371	444	476	0
*	3p	+	37	4976658	2950878	3029995	4593628	15551159	9741	152301	14748	8549	10216	5020	2290	3818	3315	4853	1912	6244	1400	1139	408	463	1562	1263	447	456	0
*	3p	+	38	4565063	2712805	2784836	4231104	14293808	9237	145891	13332	7977	9436	4650	2158	3503	2826	4611	1716	5767	1243	1060	358	427	1400	1151	390	377	0
*	3p	+	39	4169457	2491627	2559200	3885144	13105428	8126	139531	12474	7478	8226	4370	2067	3433	3000	4210	1701	5338	1127	926	326	347	1252	990	353	364	0
*	3p	+	40	3809150	2279641	2340592	3563976	11993359	7678	133317	11552	6976	7938	4100	1951	3178	2769	3898	1500	4829	1011	843	311	280	1073	944	335	317	0
*	3p	+	41	3469244	2081384	2141935	3259375	10951938	7069	126634	10581	6462	7353	3882	1778	3054	2639	3818	1430	4629	865	727	234	286	993	891	288	259	0
*	3p	+	42	3158491	1900645	1952572	2973396	9985104	6550	124606	9953	5875	6841	3703	1783	2942	2476	3660	1320	4305	793	693	200	255	838	742	286	258	0
*	3p	+	43	2864771	1722383	1773510	2703546	9064210	5989	114961	9200	5328	6291	3548	1535	2585	2150	3322	1188	3877	693	648	200	235	745	691	223	221	0
*	3p	+	44	2592897	1556233	1610284	2454226	8213640	5356	106009	8208	4957	5419	3159	1395	2512	1999	3089	1070	3432	575	580	182	205	623	597	192	202	0
*	3p	+	45	2343403	1411790	1453243	2224786	7433222	4917	97405	7532	4468	5129	2900	1300	2212	1668	2719	979	3180	518	498	171	198	558	537	162	214	0
*	3p	+	46	2116930	1275852	1312648	2013667	6719097	4521	89127	6722	3971	4475	2601	1156	2003	1543	2391	906	2920	497	459	141	167	501	502	156	127	0
*	3p	+	47	1906899	1154179	1184227	1820353	6065658	3933	81647	6006	3582	4163	2370	1027	1836	1518	2307	825	2554	404	411	116	147	460	447	142	163	0
*	3p	+	48	1716469	1039760	1068882	1645971	5471082	3587	73957	5345	3250	3244	2101	986	1646	1366	2047	641	2294	389	334	104	143	430	399	113	125	0
*	3p	+	49	1543188	938242	961806	1485795	4929031	3261	66882	4827	2950	3222	1894	895	1448	1235	1849	634	2096	352	318	89	114	336	336	125	110	0
*	3p	+	50	1387120	844822	868260	1336878	4437080	2870	61011	4301	2649	2688	1733	805	1351	1154	1615	571	1914	292	278	102	92	340	342	100	105	0
*	3p	+	51	1243215	761362	783405	1204060	3992042	2587	55393	3900	2331	2606	1533	667	1178	976	1499	524	1680	244	246	79	78	278	239	85	91	0
*	3p	+	52	1116458	685340	704752	1082686	3589236	2291	50077	3433	2120	2245	1320	612	1100	848	1314	453	1508	231	207	65	82	235	216	75	72	0
*	3p	+	53	1003301	616251	633849	973074	3226475	1994	45005	3157	1879	1931	1180	534	940	817	1136	392	1355	204	179	67	64	185	223	59	60	0
*	3p	+	54	900487	551963	572466	874660	2899576	1866	40439	2771	1725	1857	1136	533	836	717	1081	379	1168	166	172	51	81	152	166	75	42	0
*	3p	+	55	808609	497540	513761	786993	2606903	1623	36488	2490	1457	1643	951	473	747	653	986	343	1188	157	156	45	64	171	155	54	54	0
*	3p	+	56	726496	447839	461018	707744	2343097	1426	32809	2313	1330	1428	922	383	716	589	884	308	1001	147	142	34	53	121	145	39	44	0
*	3p	+	57	650541	403428	415746	636962	2106677	1372	29316	2020	1249	1211	830	367	616	523	806	256	886	111	103	26	30	126	115	40	33	0
*	3p	+	58	586135	362960	372926	572809	1894830	1237	26454	1839	1129	1233	731	316	547	505	694	250	826	100	77	39	34	91	93	41	25	0
*	3p	+	59	525864	328111	335801	515056	1704832	1060	23758	1640	963	1087	634	302	501	449	654	214	722	78	77	25	28	74	67	22	25	0
*	3p	+	60	472443	296046	302378	463570	1534437	983	21308	1410	925	978	602	272	432	441	608	207	667	81	76	23	22	70	57	33	22	0
*	3p	+	61	424125	266102	273490	418425	1382142	896	19383	1399	815	813	491	270	406	437	519	196	637	68	54	18	34	58	46	17	22	0
*	3p	+	62	381712	241122	246088	376371	1245293	784	17374	1242	773	788	441	199	335	378	441	160	578	41	61	17	19	45	57	21	17	0
*	3p	+	63	343084	217244	222419	339643	1122390	761	16053	1119	649	747	455	219	362	307	412	153	498	46	44	16	26	41	38	19	19	0
*	3p	+	64	308122	196198	201522	307105	1012947	662	14784	996	584	675	381	191	310	304	412	132	510	48	43	13	16	33	37	18	17	0
*	3p	+	65	279005	176915	181650	275452	913022	617	13151	886	552	553	373	203	279	220	376	114	430	42	37	13	24	38	37	16	17	0
*	3p	+	66	251200	160601	163429	247713	822943	525	11687	784	510	570	311	165	266	233	315	130	394	33	44	9	19	40	42	12	10	0
*	3p	+	67	225747	144590	148150	224064	742551	450	10511	675	460	521	273	141	240	206	256	105	362	37	29	5	13	33	28	17	7	0
*	3p	+	68	203583	131451	133341	202352	670727	456	9454	675	406	480	258	137	202	164	254	95	294	28	35	8	12	24	35	14	10	0
*	3p	+	69	183945	119036	121110	182502	606593	364	8283	584	355	387	248	111	181	182	225	87	282	25	19	10	14	33	20	12	9	0
*	3p	+	70	165934	108705	109017	164585	548241	330	7393	500	357	349	186	93	172	161	207	69	258	29	17	6	14	25	17	9	7	0
*	3p	-	1	8223189	4967842	4554101	8029726	25774858	20678	1969823	35440	15324	6657	14337	4820	7533	9057	10090	3269	9852	0	0	0	0	0	0	0	0	11
*	3p	-	2	8789350	5095248	5014379	6875573	25774550	24971	951432	32126	18940	8315	9026	5065	9279	11002	8703	6131	8004	1	1	3	1	316	127	73	72	10
*	3p	-	3	8605542	4490898	5417908	7259390	25773738	20756	190958	30547	19542	8221	8244	4418	20390	17745	15343	8171	9342	111	38	30	22	833	447	159	220	4
*	3p	-	4	8787569	4427485	5216657	7339877	25771588	18140	133089	24542	17873	7686	10513	3714	12491	11924	9326	4399	10132	384	198	89	54	2076	1082	354	477	0
*	3p	-	5	8709627	4476023	5189736	7393557	25768943	16736	102921	22118	18010	7192	5673	3418	6657	9887	5884	3636	9919	1123	581	257	188	3196	1821	747	983	0
*	3p	-	6	8690458	4587915	5154689	7331147	25764209	15685	84079	20031	14374	6557	4623	3321	5106	9033	4838	3605	9940	2097	1138	430	445	4463	3225	1803	2074	0
*	3p	-	7	8544703	4774470	5050267	7390358	25759798	15291	73170	18804	13791	6724	4472	3116	4846	8008	4553	3424	9432	2673	1828	850	864	5458	4431	2875	3229	0
*	3p	-	8	8505087	4800833	5067802	7385131	25758853	14917	64079	19158	13627	7260	4400	3178	4667	7132	4596	3349	9163	3275	2384	1207	1133	5901	4609	3023	3427	0
*	3p	-	9	8395032	4869469	5079183	7415047	25758731	15021	62108	18220	13999	6891	4371	3143	4588	7183	4564	3404	9321	3448	2564	1266	1283	5899	4756	3033	3418	0
*	3p	-	10	8322227	4923740	5052019	7460652	25758638	14707	57652	17692	13870	6795	4555	3125	4610	7346	4409	3467	9647	3704	2668	1295	1320	5896	4784	3206	3332	0
*	3p	-	11	8281479	4959237	5055741	7462289	25758746	14366	52969	17586	13999	7169	4339	3196	4557	7438	4323	3416	9754	3697	2829	1316	1404	5845	4775	3139	3364	0
*	3p	-	12	8310854	4939485	5077717	7430595	25758651	14657	50721	17060	13967	7032	4543	3216	4542	7530	4397	3509	9475	4002	2959	1304	1485	5890	4803	3089	3454	0
*	3p	-	13	8302123	4939305	5041890	7475602	25758920	14575	50417	17239	13773	7382	4423	3207	4336	7300	4305	3439	9727	3925	2907	1296	1454	5876	4629	3151	3307	0
*	3p	-	14	8331230	4932630	5068107	7426836	25758803	14597	49900	16784	13711	6894	4322	3150	4493	7504	4471	3424	9401	3986	2907	1272	1440	5806	4786	3175	3328	0
*	3p	-	15	8319902	4940443	5068471	7430180	25758996	14379	50081	16915	13780	6948	4303	3230	4582	7364	4530	3471	9330	3905	2934	1368	1428	5841	4681	3071	3307	0
*	3p	-	16	8292960	4954789	5047645	7463531	25758925	14427	50750	17066	14117	7163	4282	3224	4435	7558	4312	3379	9295	3927	2954	1342	1463	5764	4703	3178	3331	0
*	3p	-	17	8278316	4966012	5039960	7474716	25759004	14438	50498	16872	13761	7029	4264	3073	4481	7274	4334	3395	9190	3864	2907	1369	1519	5757	4741	3131	3265	0
*	3p	-	18	8301190	4948564	5054444	7454921	25759119	14542	50882	17106	13877	7281	4242	3100	4575	7199	4425	3298	9071	3833	2871	1297	1484	5652	4597	3157	3376	0
*	3p	-	19	8287483	4966534	5057521	7447985	25759523	14426	51776	16791	13832	7379	4287	3148	4386	6483	4362	3394	9192	3830	2890	1268	1404	5418	4557	3067	3331	0
*	3p	-	20	8279979	4968882	5064004	7446853	25759718	14398	52220	17379	14088	8433	4351	3169	4756	6438	4428	3335	9115	3502	2826	1313	1521	5302	4494	3042	3344	0
*	3p	-	21	8263079	4980607	5068629	7447337	25759652	14370	52910	16889	14212	8123	4291	3215	4377	5304	4337	3385	9468	3441	2721	1269	1445	5375	4486	3046	3337	0
*	3p	-	22	8284743	4959760	5065648	7449998	25760149	14261	53029	16776	14019	8087	4328	3209	4311	6106	4331	3415	9235	3302	2629	1286	1419	4955	4353	3091	3348	0
*	3p	-	23	8312987	4942581	5057877	7446823	25760268	14315	54124	16956	13934	8625	4350	3191	4200	6062	4317	3322	9222	3107	2621	1273	1434	4865	4329	3115	3321	0
*	3p	-	24	8320150	4938170	5072029	7430253	25760602	14306	56310	17164	14002	8950	4290	3196	4264	6530	4385	3342	9151	2937	2659	1245	1466	4716	4182	3034	3348	0
*	3p	-	25	8318249	4938271	5073772	7430647	25760939	14468	58503	17510	14103	9811	4317	3303	4285	6894	4452	3336	9096	2852	2534	1304	1403	4518	4103	3006	3315	0
*	3p	-	26	8305930	4944135	5079280	7431880	25761225	14616	61366	17493	14406	12853	4309	3151	4306	5326	4238	3471	9202	2712	2346	1304	1372	4265	4006	3078	3293	0
*	3p	-	27	8305384	4949864	5092137	7418641	25766026	14849	65031	17679	14426	13562	4522	3359	4353	5404	4483	3379	9307	2503	2201	1200	1336	3096	2854	1930	1949	0
*	3p	-	28	8292635	4929087	5115059	7431970	25768751	15000	72389	18303	14881	13234	4770	3445	4670	5478	4813	3335	9091	1975	1788	944	985	2353	2204	1215	1300	0
*	3p	-	29	8297174	4887572	5133691	7451723	25770160	15556	86851	19371	15014	15002	5661	3673	5024	5979	5672	3385	9639	1677	1557	756	819	1996	1736	901	985	0
*	3p	-	30	8327645	4888604	5066001	7488663	25770913	16489	168593	22541	15300	15657	8312	4239	6518	6107	7726	3582	10578	1559	1320	672	729	1742	1513	728	841	0
*	3p	-	31	7804299	4601355	4757431	7069996	24233081	15381	171123	21021	14108	15734	7575	3751	5871	5574	7166	3094	9681	1360	1245	614	640	1500	1368	670	650	0
*	3p	-	32	7299518	4301958	4458760	6628420	22688656	14377	172240	20072	12834	14251	7006	3417	5515	4939	6565	2822	8990	1296	1119	512	615	1296	1194	563	633	0
*	3p	-	33	6815903	4003114	4162476	6195527	21177020	13453	170296	19281	12069	13957	6517	3222	5064	4690	6051	2535	8350	1152	1068	477	537	1126	1146	488	532	0
*	3p	-	34	6329953	3718314	3867912	5783245	19699424	12418	168195	17852	11009	12830	6116	2875	4664	4145	5788	2325	7910	1040	927	406	497	991	1032	437	494	0
*	3p	-	35	5867026	3439294	3587626	5369622	18263568	11448	163271	16606	10410	11847	5689	2782	4499	3719	5433	2142	7076	878	841	388	437	927	886	420	427	0
*	3p	-	36	5413327	3183565	3309780	4971649	16878321	10603	158744	15318	9602	11155	5324	2489	4065	3627	4981	2045	6693	754	731	321	374	837	845	380	411	0
*	3p	-	37	4970050	2940872	3043031	4601542	15555495	9839	152424	14600	8811	10277	4971	2392	3749	3505	4771	1886	6187	737	651	314	313	744	795	356	359	0
*	3p	-	38	4554758	2702562	2799690	4238970	14295980	9029	145586	13295	8045	9533	4699	2111	3610	2768	4534	1700	5919	630	594	263	291	681	657	332	326	0
*	3p	-	39	4166906	2480965	2569788	3893164	13110823	8218	139619	12469	7510	8376	4401	2071	3410	2937	4164	1613	5278	557	515	264	270	541	572	266	271	0
*	3p	-	40	3803008	2271174	2351120	3571824	11997126	7719	132008	11173	7033	7941	4154	1920	3246	2787	3890	1461	4895	475	468	228	263	553	524	257	262	0
*	3p	-	41	3466688	2074816	2150428	3263402	10955334	7158	126663	10890	6402	7505	3973	1762	3028	2501	3917	1387	4578	465	434	219	226	449	452	223	231	0
*	3p	-	42	3150386	1895493	1962284	2979893	9988056	6642	124456	10079	6027	6872	3698	1742	2923	2535	3627	1244	4331	420	365	166	179	403	445	159	193	0
*	3p	-	43	2860996	1714282	1780906	2709866	9066050	5975	114878	8983	5492	6363	3365	1543	2652	2262	3464	1214	3887	331	317	156	186	346	339	154	177	0
*	3p	-	44	2593039	1552753	1613312	2456115	8215219	5401	106404	8161	4911	5636	3181	1445	2323	2078	2974	1001	3587	311	309	126	159	297	302	170	188	0
*	3p	-	45	2342484	1405010	1460772	2226797	7435063	4929	97572	7561	4414	5250	2826	1289	2094	1654	2831	966	3406	280	259	112	130	288	280	117	139	0
*	3p	-	46	2109422	1271588	1320156	2018514	6719680	4388	89178	6828	3987	4596	2628	1080	1949	1604	2440	860	2932	243	221	133	124	255	227	123	131	0
*	3p	-	47	1903947	1145732	1190008	1826192	6065879	4053	81163	6034	3554	4103	2308	1052	1834	1386	2266	773	2699	203	200	82	99	212	217	109	107	0
*	3p	-	48	1713285	1033868	1073932	1650281	5471366	3566	74140	5478	3117	3385	2092	918	1696	1374	1963	672	2283	185	187	68	95	183	196	79	102	0
*	3p	-	49	1540041	932155	967152	1489913	4929261	3154	67408	4942	2945	3281	1840	853	1475	1226	1856	662	2181	165	136	75	73	139	185	71	94	0
*	3p	-	50	1385163	842075	873135	1337958	4438331	2899	61031	4421	2651	2789	1695	757	1301	1182	1709	617	1949	157	139	53	87	114	131	73	79	0
*	3p	-	51	1242174	757033	789375	1205356	3993938	2565	55162	4025	2333	2760	1506	665	1149	940	1523	504	1737	122	103	50	63	99	118	72	55	0
*	3p	-	52	1115304	683290	708267	1084312	3591173	2317	49987	3481	2001	2171	1404	630	1123	888	1283	441	1536	95	95	55	56	103	121	44	59	0
*	3p	-	53	1002112	611411	638261	975975	3227759	2088	44826	3219	1886	2010	1214	548	1016	742	1177	396	1349	92	86	44	48	103	112	37	62	0
*	3p	-	54	899302	550761	574103	876915	2901081	1836	40653	2853	1713	1780	1109	502	876	732	1107	397	1275	82	67	42	50	87	97	43	54	0
*	3p	-	55	807657	494549	517907	788477	2608590	1660	36192	2489	1484	1678	946	463	754	658	948	349	1131	83	58	29	52	77	69	38	38	0
*	3p	-	56	724681	445097	464889	710243	2344910	1493	32236	2320	1332	1502	836	394	693	587	885	283	1002	62	67	34	33	50	77	27	44	0
*	3p	-	57	650210	401215	417258	639669	2108352	1381	29328	1997	1209	1311	776	390	654	551	785	287	949	60	50	28	28	47	49	22	28	0
*	3p	-	58	583691	361481	375493	575718	1896383	1217	26167	1688	1188	1272	753	317	531	480	785	257	834	58	42	23	33	59	48	20	29	0
*	3p	-	59	526625	325330	337994	517220	1707169	1116	23636	1660	1002	970	636	276	508	421	657	233	764	40	45	9	29	41	38	22	29	0
*	3p	-	60	472679	293452	305227	465128	1536486	1002	21200	1470	916	968	594	290	440	383	568	211	709	43	40	21	23	34	41	13	13	0
*	3p	-	61	423729	264842	275738	419405	1383714	872	18874	1301	896	903	501	231	406	406	488	219	603	26	21	14	16	34	26	11	19	0
*	3p	-	62	381367	239326	248222	377913	1246828	775	17249	1221	795	818	479	216	329	320	513	191	568	35	26	5	16	21	22	15	20	0
*	3p	-	63	343838	216334	224252	339711	1124135	777	15925	1123	690	735	406	206	337	270	448	167	522	32	27	8	11	20	34	13	16	0
*	3p	-	64	308800	195958	203113	306925	1014796	646	14851	1021	600	625	410	174	312	270	402	154	512	18	22	10	5	24	18	18	11	0
*	3p	-	65	277610	176256	182902	277239	914007	607	12994	866	586	571	334	167	277	264	342	131	458	20	16	12	8	22	15	11	15	0
*	3p	-	66	250086	158821	165195	250180	824282	514	11829	802	525	523	315	142	254	222	302	129	404	12	11	7	15	21	19	10	13	0
*	3p	-	67	225736	144074	148704	225126	743640	478	10299	706	447	490	278	136	207	215	264	99	425	24	14	8	8	15	16	11	8	0
*	3p	-	68	203073	130188	135335	203357	671953	418	9332	607	406	432	266	132	208	186	262	123	329	13	8	6	8	14	16	5	8	0
*	3p	-	69	182848	118316	122847	183459	607470	430	8312	606	385	384	222	99	204	169	223	94	299	9	14	2	18	10	11	3	10	0
*	3p	-	70	165189	107666	111035	165635	549525	339	7476	464	341	368	207	119	160	139	206	71	267	8	16	9	12	17	15	4	3	0
*	5p	+	1	8715813	5235591	3921507	7910258	25783169	33360	1839006	70507	22797	33735	48627	12800	30652	13936	42376	5865	23309	0	0	0	0	0	0	0	0	26
*	5p	+	2	8474267	4239567	5266592	7801949	25782375	25832	356374	39026	18095	32324	20168	8089	13130	10265	22881	4598	16412	3	0	2	4	407	359	126	175	26
*	5p	+	3	8323701	4592049	5465768	7399344	25780862	17888	211627	27865	16881	22167	9341	5193	7292	7435	9808	3738	10455	264	188	110	113	1115	823	444	490	4
*	5p	+	4	8368244	4818940	5293177	7296925	25777286	15642	143911	22790	16865	22126	6116	3866	5023	6178	5952	3546	8915	719	557	316	284	2555	1951	1055	1064	0
*	5p	+	5	8313385	4899721	5184894	7370163	25768163	15447	109835	20659	14904	14793	5129	3455	4605	5650	4994	3339	9397	1747	1435	987	857	4921	4062	3371	3506	0
*	5p	+	6	8227212	4990572	5145292	7403916	25766992	15057	89623	19285	15254	19719	4486	3304	4285	5451	4317	3600	9715	2466	1884	990	996	5410	4499	3451	3733	0
*	5p	+	7	8360040	4960968	5086662	7359607	25767277	14841	74147	18206	14999	18735	4305	3210	4144	5428	4348	3500	9361	2973	2182	1102	1142	5780	4360	3342	3379	0
*	5p	+	8	8464634	4929038	5041901	7332003	25767576	14788	64074	18414	14978	16915	4339	3477	4333	6003	4330	3487	9095	3189	2310	1134	1178	5669	4337	3259	3339	0
*	5p	+	9	8437057	4949532	5058195	7323125	25767909	15094	57989	17159	14857	14302	4209	3111	4311	5485	4377	3442	8971	3417	2536	1179	1291	5561	4359	3130	3246	0
*	5p	+	10	8371251	4980560	5083651	7332295	25767757	14711	54304	17243	14959	15071	4269	3258	4295	5696	4343	3605	9191	3543	2620	1224	1381	5712	4388	3068	3298	0
*	5p	+	11	8324785	4996992	5075556	7370300	25767633	14485	51928	16874	14550	12667	4237	3073	4297	5430	4337	3431	9141	3703	2703	1263	1381	5644	4566	3016	3376	0
*	5p	+	12	8319361	5020210	5064050	7363949	25767570	14434	51355	16619	14324	12233	4218	2994	4287	5386	4235	3417	9213	3748	2791	1156	1385	5652	4463	3279	3289	0
*	5p	+	13	8305185	5005328	5027092	7430139	25767744	14407	51447	16410	14307	9915	4294	3115	4274	5566	4483	3331	9132	3780	2835	1215	1402	5666	4509	3066	3275	0
*	5p	+	14	8292222	5002789	5027565	7444988	25767564	14470	51424	16344	14258	10267	4289	3054	4210	5752	4298	3389	8941	3821	2814	1240	1444	5767	4634	3079	3214	0
*	5p	+	15	8273089	5011341	5028137	7455074	25767641	14510	51452	17071	14187	9185	4307	3310	4278	6105	4326	3570	9297	3809	2854	1303	1471	5636	4597	3125	3265	0
*	5p	+	16	8276523	5011336	5035707	7444030	25767596	14419	52201	17037	14121	8560	4353	3534	4238	6217	4519	3412	9090	3841	2912	1264	1466	5807	4626	3072	3166	0
*	5p	+	17	8289107	4997287	5042457	7438383	25767234	14236	52118	17099	14017	8583	4297	3338	4251	5824	4349	3444	9058	3802	2779	1280	1405	5868	4687	3174	3298	0
*	5p	+	18	8274532	5006415	5038301	7447903	25767151	14465	52468	16532	14060	8802	4314	3116	4315	5705	4452	3393	9346	3710	2946	1265	1452	5829	4640	3264	3384	0
*	5p	+	19	8275030	4989659	5036510	7466375	25767574	14266	52393	16544	13844	9225	4164	3131	4263	5725	4347	3494	9139	3590	2970	1322	1377	5644	4650	3136	3262	0
*	5p	+	20	8278162	4981749	5038540	7469498	25767949	14436	52559	16789	13684	7382	4290	3130	4401	5549	4373	3414	9057	3479	2928	1335	1466	5428	4479	3134	3275	0
*	5p	+	21	8263330	4990365	5043126	7471268	25768089	14362	53769	16947	14003	9032	4409	3213	4319	5954	4382	3288	9197	3472	2853	1301	1411	5350	4373	3168	3283	0
*	5p	+	22	8297059	4965228	5039104	7466958	25768349	14451	54015	16609	13940	7877	4203	3019	4313	5767	4344	3415	9217	3294	2797	1304	1429	5243	4351	2997	3321	0
*	5p	+	23	8318826	4954920	5031707	7463381	25768834	14447	55406	16859	13896	7299	4435	3061	4446	5769	4405	3422	9258	2965	2681	1331	1481	5025	4321	2971	3110	0
*	5p	+	24	8333140	4943793	5037462	7455187	25769582	14601	56424	17074	13528	7082	4370	2976	4391	5924	4481	3362	9098	2965	2573	1308	1451	4736	4026	2856	3056	0
*	5p	+	25	8356023	4925659	5044305	7446225	25772212	14533	58091	17285	13650	7112	4339	3132	4612	5794	4398	3416	9287	2694	2319	1153	1250	3957	3398	2256	2428	0
*	5p	+	26	8414279	4886281	5051837	7423425	25775822	14682	60905	17672	14222	7612	4506	3141	4907	7508	4571	3541	9508	2266	1908	921	1030	3048	2478	1373	1522	0
*	5p	+	27	8452618	4847048	5076484	7401562	25777712	15208	64716	18224	14452	6510	4936	3049	5273	7629	4953	3519	9480	2043	1711	735	843	2397	2021	981	1127	0
*	5p	+	28	8474888	4818390	5106717	7378806	25778801	15563	70390	19197	14582	7008	5009	3207	6204	8272	5551	3769	9284	1809	1607	677	780	2019	1733	755	908	0
*	5p	+	29	8506069	4826064	5094634	7352549	25779316	15977	109777	19728	14742	6550	5293	3340	6422	8427	5734	3955	9382	1651	1434	632	699	1874	1572	664	755	0
*	5p	+	30	8510513	4816774	5065266	7387283	25779836	16284	204880	20481	14919	7058	6008	3383	6538	8461	6141	3917	9367	1520	1324	584	661	1676	1334	631	650	0
*	5p	+	31	7989462	4526726	4751761	6969842	24237791	14999	208825	19655	13548	6601	5215	3035	6041	7741	5345	3538	8556	1376	1174	501	574	1481	1276	542	576	0
*	5p	+	32	7457133	4230472	4455191	6548113	22690909	13917	209957	18295	12386	5509	4539	2596	5458	7160	4635	3036	7959	1299	1094	490	505	1351	1200	485	507	0
*	5p	+	33	6939381	3949120	4162521	6126412	21177434	12820	208871	17143	11758	4866	4099	2498	4952	6631	4130	2786	7268	1052	1015	444	509	1190	1030	442	492	0
*	5p	+	34	6439940	3669356	3864729	5727334	19701359	12016	206142	16222	11088	4972	3846	2226	4639	6185	3849	2600	6487	920	935	402	420	1053	934	414	417	0
*	5p	+	35	5950687	3405992	3583074	5323450	18263203	11115	201152	14953	10090	4358	3459	2000	4337	5768	3612	2466	6166	857	829	338	379	989	842	353	401	0
*	5p	+	36	5486178	3147523	3315175	4928815	16877691	10253	193973	13625	9177	3855	3258	1930	4026	5277	3264	2228	5596	762	710	345	375	865	804	329	336	0
*	5p	+	37	5040007	2895103	3059714	4557891	15552715	9383	185494	12751	8785	3466	3031	1808	3740	4800	3028	2004	5318	682	699	286	322	777	739	303	342	0
*	5p	+	38	4619282	2660302	2815690	4199944	14295218	8877	176840	12117	7871	3299	2846	1690	3534	4577	2853	1940	4841	610	610	245	288	693	653	271	284	0
*	5p	+	39	4223857	2444576	2584401	3853848	13106682	8060	168757	10891	7393	2894	2708	1565	3155	4590	2610	1802	4517	601	511	248	279	617	582	246	255	0
*	5p	+	40	3853529	2238940	2355905	3546124	11994498	7646	160278	10371	6770	2851	2499	1431	3115	4117	2521	1693	4192	522	461	222	250	556	518	212	236	0
*	5p	+	41	3501537	2051405	2153559	3246451	10952952	6709	154498	9317	6340	2445	2407	1402	2901	3860	2400	1544	3846	436	435	203	195	518	473	204	212	0
*	5p	+	42	3184352	1878488	1959376	2963778	9985994	6377	149565	8816	5990	2295	2322	1256	2701	3593	2272	1401	3543	379	345	172	186	444	427	182	170	0
*	5p	+	43	2882933	1705380	1774697	2701969	9064979	5693	138701	8088	5213	2590	2093	1129	2390	3207	2003	1301	3182	385	324	155	175	401	373	161	165	0
*	5p	+	44	2609995	1542056	1610352	2451874	8214277	5225	127209	7381	4878	1890	1772	1073	2191	3211	1853	1106	2906	331	284	124	164	346	344	128	140	0
*	5p	+	45	2354965	1396778	1460554	2221549	7433846	4777	116641	6479	4206	2030	1716	943	1958	2653	1646	1079	2681	279	256	125	123	310	298	107	121	0
*	5p	+	46	2127912	1261113	1318915	2011669	6719609	4079	106707	5862	3862	1536	1436	871	1841	2412	1487	931	2324	272	246	105	131	256	291	97	99	0
*	5p	+	47	1916136	1138486	1194833	1816747	6066202	3754	97069	5201	3521	1317	1416	783	1614	2475	1407	883	2181	244	254	91	117	235	218	118	106	0
*	5p	+	48	1723352	1029391	1078281	1640509	5471533	3364	89134	4943	3053	1201	1158	736	1474	1867	1205	770	1976	196	211	78	111	213	219	83	103	0
*	5p	+	49	1550282	928957	970252	1479909	4929400	3058	80310	4229	2702	1116	1144	614	1281	1948	1039	692	1664	180	162	94	90	214	166	81	79	0
*	5p	+	50	1392066	837169	874269	1333981	4437485	2714	72785	3852	2447	911	970	561	1167	1585	1012	648	1502	173	165	54	72	171	171	69	77	0
*	5p	+	51	1249814	753521	787263	1201737	3992335	2421	66325	3450	2261	830	928	561	1058	1420	870	580	1403	141	138	62	64	139	159	60	53	0
*	5p	+	52	1120496	679211	706941	1082815	3589463	2142	59374	3183	1954	647	811	561	974	1213	717	489	1258	140	110	49	69	146	118	60	51	0
*	5p	+	53	1005120	612061	634703	974745	3226629	1945	53683	2927	1793	703	709	492	820	1148	679	439	1128	103	106	53	51	126	131	50	64	0
*	5p	+	54	902612	550226	571129	875732	2899699	1816	48017	2481	1640	620	624	397	751	1199	646	398	1056	91	86	47	47	104	101	41	57	0
*	5p	+	55	809852	493843	514972	788377	2607044	1578	43097	2380	1419	586	593	362	718	925	566	364	850	105	83	31	51	99	99	35	41	0
*	5p	+	56	727998	444312	464628	706212	2343150	1497	38576	2005	1256	555	556	320	611	1210	510	331	780	81	72	37	46	107	83	41	45	0
*	5p	+	57	651474	401386	418254	635639	2106753	1204	34788	1799	1160	469	453	269	550	902	445	302	800	76	69	43	38	81	68	40	32	0
*	5p	+	58	587812	359867	375475	571704	1894858	1139	31163	1686	1045	365	443	234	493	849	408	291	670	71	62	31	34	79	65	28	30	0
*	5p	+	59	526475	325041	338908	514390	1704814	1046	28033	1460	896	344	381	244	514	749	349	271	631	52	61	31	30	61	67	31	28	0
*	5p	+	60	473464	292837	304912	463234	1534447	946	25308	1352	871	331	338	211	391	609	344	227	595	38	51	20	33	43	65	24	22	0
*	5p	+	61	425746	264511	274766	417132	1382155	873	22564	1225	826	292	296	187	385	590	309	198	499	49	42	11	32	39	55	18	15	0
*	5p	+	62	383285	238707	247121	376200	1245313	740	20515	1083	741	280	267	189	333	587	251	182	484	47	36	22	28	37	33	24	21	0
*	5p	+	63	345220	216753	222413	338006	1122392	649	18734	1007	665	269	285	171	303	477	237	180	440	42	33	18	19	37	47	11	17	0
*	5p	+	64	311085	194983	201250	305612	1012930	630	16820	829	616	234	239	163	270	483	213	137	434	30	31	16	19	45	39	14	14	0
*	5p	+	65	279451	176204	181620	275752	913027	549	15291	814	512	240	174	134	238	365	202	132	370	37	31	7	9	30	32	13	14	0
*	5p	+	66	252487	158452	164795	247222	822956	590	13674	740	480	194	206	131	222	314	206	107	310	33	24	10	17	29	34	5	11	0
*	5p	+	67	227576	143045	149101	222822	742544	458	12056	669	445	167	168	115	206	293	158	113	266	28	31	8	16	25	29	16	9	0
*	5p	+	68	205502	129348	134834	201060	670744	432	10821	633	383	156	177	120	170	248	147	122	266	21	25	13	10	16	20	10	9	0
*	5p	+	69	184910	117630	122668	181385	606593	371	9940	501	354	125	141	88	151	200	148	99	243	24	22	10	17	27	17	14	7	0
*	5p	+	70	167114	106803	110040	164286	548243	318	8579	523	296	121	116	66	140	177	127	60	204	15	22	8	14	18	17	4	8	0
*	5p	-	1	8699290	5219840	3933454	7922073	25774657	33731	1834085	70414	23106	34559	48465	12647	30617	14001	42098	5813	23183	0	0	0	0	0	0	0	0	1
*	5p	-	2	8462010	4223929	5282463	7806526	25774928	25806	355667	39887	18523	32277	20570	8087	13016	10255	22744	4418	16504	4	2	1	2	2	3	1	1	1
*	5p	-	3	8309260	4573867	5479052	7412959	25775138	18235	211207	28309	17115	22537	9421	5382	7518	7710	9900	3698	10906	4	3	1	3	30	29	26	26	1
*	5p	-	4	8354539	4803688	5312402	7304276	25774905	16108	143737	23015	17122	22410	6221	3943	5191	6336	6075	3562	9073	19	17	20	23	150	155	140	128	0
*	5p	-	5	8303744	4884114	5199058	7377088	25764004	15219	110851	20679	15171	14663	5106	3415	4702	5727	4990	3432	9530	854	830	755	741	2734	2862	2922	3111	0
*	5p	-	6	8214745	4971241	5162225	7414663	25762874	15050	89009	19520	15433	19751	4673	3280	4352	5511	4506	3606	9873	1048	1023	818	806	3179	3140	3115	3402	0
*	5p	-	7	8353928	4942655	5097452	7368861	25762896	14983	74281	18102	15017	18793	4326	3110	4287	5490	4326	3512	9385	1167	1161	885	947	3187	3257	3058	3366	0
*	5p	-	8	8454669	4910887	5057661	7339579	25762796	15212	64464	18095	15186	16607	4167	3429	4209	5909	4537	3438	9148	1303	1260	1004	967	3341	3459	2985	3251	0
*	5p	-	9	8426706	4939878	5071052	7325010	25762646	14806	57529	17097	14749	14604	4250	3001	4202	5418	4392	3509	8880	1449	1386	986	1081	3562	3331	3023	3297	0
*	5p	-	10	8360832	4966380	5095155	7340011	25762378	14729	54006	17360	15040	15137	4224	3344	4332	5794	4396	3586	9221	1602	1446	1028	1147	3755	3452	3043	3241	0
*	5p	-	11	8315213	4977712	5089238	7380166	25762329	14562	51819	16825	14699	12648	4343	3133	4220	5464	4359	3411	9268	1803	1612	1147	1178	3800	3594	3004	3155	0
*	5p	-	12	8309222	5004976	5076327	7371522	25762047	14569	51065	16683	14347	12303	4269	3083	4245	5434	4317	3413	9114	1993	1769	1172	1291	3858	3582	3026	3374	0
*	5p	-	13	8297693	4984281	5041397	7438261	25761632	14531	50992	16588	14164	9911	4208	3082	4336	5357	4291	3326	9162	2206	1955	1090	1283	4172	3724	3103	3264	0
*	5p	-	14	8281549	4989623	5038259	7451990	25761421	14504	51245	16651	14328	10376	4164	3174	4197	5550	4345	3341	9249	2321	1987	1222	1340	4347	3846	3113	3169	0
*	5p	-	15	8264676	4994341	5036838	7465268	25761123	14374	51783	16971	14003	9021	4240	3429	4398	5838	4322	3417	9247	2426	2182	1195	1412	4419	3950	3223	3183	0
*	5p	-	16	8261884	4994757	5049728	7454648	25761017	14246	52067	17193	14185	8633	4261	3454	4280	5955	4484	3346	9211	2682	2276	1224	1388	4649	3963	3022	3253	0
*	5p	-	17	8269678	4985365	5054394	7451003	25760440	14353	52051	16929	13937	8544	4263	3367	4306	5858	4393	3545	9089	2818	2290	1239	1454	4969	4029	3167	3301	0
*	5p	-	18	8262824	4983446	5054634	7459146	25760050	14302	52413	16505	13962	8643	4376	3165	4264	5501	4374	3426	9145	3066	2419	1219	1407	5069	4262	3210	3314	0
*	5p	-	19	8259850	4967863	5054933	7477364	25760010	14347	52393	16520	13889	9064	4324	3140	4367	5554	4388	3335	9144	3249	2517	1317	1414	5288	4275	3096	3234	0
*	5p	-	20	8264556	4964177	5056009	7475032	25759774	14449	52628	16670	13572	7419	4262	3050	4284	5602	4239	3257	9253	3539	2545	1325	1486	5360	4382	3036	3346	0
*	5p	-	21	8251458	4971255	5058600	7478296	25759609	14230	53219	16931	13955	8899	4315	3166	4319	5836	4289	3347	9338	3598	2702	1287	1477	5291	4365	3240	3386	0
*	5p	-	22	8280128	4949438	5055725	7474167	25759458	14258	54207	16615	13760	8124	4357	3087	4292	5612	4280	3447	9383	3673	2686	1345	1540	5540	4571	3042	3280	0
*	5p	-	23	8303365	4935097	5042511	7478057	25759030	14382	55154	16784	13705	7256	4203	2975	4278	5778	4317	3382	9431	3749	2841	1363	1458	5807	4709	3052	3292	0
*	5p	-	24	8319930	4930804	5044357	7464282	25759373	14403	56896	16630	13516	7127	4403	3030	4240	5592	4432	3165	9104	3811	2829	1310	1443	5648	4555	2994	3311	0
*	5p	-	25	8340337	4906284	5056569	7458098	25761288	14467	58067	17010	13599	7135	4302	3122	4275	5735	4544	3322	9443	3744	2739	1248	1358	5199	4159	2494	2737	0
*	5p	-	26	8401916	4867568	5065994	7428741	25764219	14773	60477	17971	13897	7604	4467	3147	4779	7532	4462	3346	9426	3501	2592	1090	1169	4719	3415	1662	1853	0
*	5p	-	27	8437694	4829465	5088732	7410108	25765999	15147	63803	18271	14196	6763	4834	3287	5330	7604	4793	3408	9498	3273	2305	929	1035	4224	2986	1221	1433	0
*	5p	-	28	8457993	4804755	5119654	7384902	25767304	15317	70084	19197	14308	7193	5163	3269	6216	8208	5474	3699	9234	3179	2228	831	937	3796	2704	945	1087	0
*	5p	-	29	8492944	4810364	5105051	7359880	25768239	15960	109282	19768	14715	6495	5199	3305	6625	8582	5726	3834	9525	2971	2118	741	821	3477	2389	755	955	0
*	5p	-	30	8492882	4807886	5075581	7392714	25769063	16203	204167	20642	14839	6874	5959	3461	6492	8445	6085	3791	9423	2767	1908	672	674	3094	2160	667	772	0
*	5p	-	31	7972232	4511986	4764889	6981919	24231026	15026	208725	19532	13684	6539	5225	2946	5964	7741	5069	3519	8551	2566	1785	601	662	3003	1974	598	680	0
*	5p	-	32	7448481	4218989	4465245	6553920	22686635	13920	210194	17898	12596	5391	4439	2566	5363	7053	4584	3054	7984	2421	1741	555	600	2700	1869	539	621	0
*	5p	-	33	6933028	3931617	4172210	6138273	21175128	12879	207911	16804	11589	5006	4114	2413	5064	6607	4078	2879	7158	2269	1606	532	621	2537	1694	469	530	0
*	5p	-	34	6427557	3657685	3879014	5733346	19697602	11983	205114	15819	10758	4884	3781	2235	4595	5962	3822	2576	6692	2062	1478	526	506	2241	1620	429	520	0
*	5p	-	35	5937503	3392727	3594304	5337152	18261686	10967	200073	14870	10090	4451	3646	2102	4281	5631	3559	2402	6148	1843	1375	501	491	2113	1503	425	508	0
*	5p	-	36	5473691	3138159	3329529	4935465	16876844	10453	193910	13664	9164	3882	3180	1985	4153	5124	3338	2197	5618	1676	1230	439	426	1782	1336	404	457	0
*	5p	-	37	5033966	2886840	3070797	4562455	15554058	9426	185052	12634	8536	3437	2992	1889	3789	5003	3081	2021	5301	1496	1099	356	371	1693	1331	321	390	0
*	5p	-	38	4614343	2655180	2825781	4199353	14294657	8780	177140	11953	7961	3347	2820	1638	3588	4676	2841	1913	4946	1288	1024	382	360	1429	1204	320	402	0
*	5p	-	39	4217243	2435533	2593555	3863100	13109431	8087	168784	10954	7425	2859	2660	1603	3185	4436	2691	1789	4571	1184	933	296	339	1304	1118	297	342	0
*	5p	-	40	3844835	2228381	2368638	3554159	11996013	7391	159847	10115	6846	2937	2444	1423	2984	4097	2459	1694	4085	1047	847	278	301	1199	959	244	303	0
*	5p	-	41	3493480	2045986	2165448	3249433	10954347	7049	153834	9409	6193	2504	2370	1359	2830	3818	2455	1593	3812	932	796	236	272	1018	891	207	248	0
*	5p	-	42	3177646	1868433	1969912	2971189	9987180	6269	149542	8938	5852	2304	2274	1356	2697	3659	2246	1411	3655	807	690	215	223	890	789	192	236	0
*	5p	-	43	2880205	1698232	1782479	2704222	9065138	5678	138632	7881	5245	2532	2174	1160	2413	3117	2003	1249	3176	703	646	184	233	820	704	188	218	0
*	5p	-	44	2605054	1535502	1613597	2460344	8214497	5208	127125	7325	4915	1841	1868	1053	2224	3196	1891	1165	2969	591	572	201	169	702	644	152	198	0
*	5p	-	45	2352151	1389671	1465206	2227356	7434384	4732	116197	6663	4257	2016	1717	896	1935	2575	1586	1069	2744	600	508	161	160	613	594	140	176	0
*	5p	-	46	2122779	1258442	1323891	2013991	6719103	4053	106364	5957	3793	1506	1523	904	1752	2346	1436	917	2447	571	461	139	159	521	525	132	163	0
*	5p	-	47	1913057	1134858	1197299	1820082	6065296	3804	97089	5339	3452	1385	1325	796	1557	2414	1372	859	2216	413	438	123	127	502	500	120	131	0
*	5p	-	48	1722299	1021644	1082530	1644286	5470759	3380	88269	4960	2940	1122	1140	720	1472	1900	1264	795	1966	372	351	122	120	466	464	101	151	0
*	5p	-	49	1545933	924826	975471	1482533	4928763	3003	80140	4202	2756	1124	1108	679	1287	1945	1122	695	1767	347	359	122	124	415	352	120	126	0
*	5p	-	50	1391389	833110	877736	1335660	4437895	2731	72816	3909	2465	995	1000	584	1196	1541	945	608	1559	346	284	89	123	346	335	77	113	0
*	5p	-	51	1248443	751830	791315	1201909	3993497	2470	66022	3456	2234	793	909	559	1056	1364	889	588	1336	303	284	93	101	349	295	80	98	0
*	5p	-	52	1120758	676288	709149	1084565	3590760	2119	59382	3207	2059	722	778	609	941	1266	814	480	1279	254	240	68	76	298	298	79	83	0
*	5p	-	53	1006540	607428	637343	976127	3227438	1881	53470	2905	1776	685	687	477	789	1110	693	456	1063	228	210	60	56	243	270	58	70	0
*	5p	-	54	902856	546551	573992	877375	2900774	1760	47759	2487	1540	654	619	335	756	1138	640	412	1000	211	188	56	75	227	232	55	83	0
*	5p	-	55	809956	492525	516845	788953	2608279	1562	43399	2315	1364	598	559	368	621	955	591	366	950	175	186	46	47	211	212	53	64	0
*	5p	-	56	725014	443165	466422	710001	2344602	1446	39019	2103	1257	534	534	343	620	1131	496	332	840	147	173	51	62	214	196	42	60	0
*	5p	-	57	652247	398203	420354	637286	2108090	1274	34569	1889	1221	496	466	274	521	912	443	305	777	152	155	36	45	178	150	29	55	0
*	5p	-	58	586152	358500	378883	572622	1896157	1145	31143	1604	1114	447	396	247	440	762	388	272	687	151	117	39	37	167	131	36	62	0
*	5p	-	59	527468	322604	340368	516521	1706961	1039	27775	1453	957	423	370	221	439	740	394	244	613	118	112	28	29	135	134	32	49	0
*	5p	-	60	473040	291548	307199	464520	1536307	915	25320	1304	875	380	318	202	418	630	332	216	607	91	84	32	33	131	103	20	39	0
*	5p	-	61	425086	263351	275922	419189	1383548	793	22443	1226	840	321	279	192	358	613	316	242	485	88	81	24	25	93	101	20	41	0
*	5p	-	62	382390	238227	248716	377349	1246682	742	20314	1076	688	297	272	172	345	540	267	182	488	92	80	17	20	68	90	18	40	0
*	5p	-	63	344227	214663	224831	340289	1124010	701	18704	1005	667	290	256	170	281	469	265	168	417	59	68	28	24	81	77	16	27	0
*	5p	-	64	310254	194029	202767	307644	1014694	584	17145	920	601	242	246	119	250	506	220	158	437	50	60	15	22	71	54	15	24	0
*	5p	-	65	280060	175475	182221	276153	913909	556	15393	885	508	231	219	134	228	383	214	118	341	58	53	12	20	59	59	13	18	0
*	5p	-	66	252016	157588	165524	249084	824212	494	13594	777	492	195	175	122	218	338	205	136	270	44	44	16	20	51	57	12	16	0
*	5p	-	67	226942	142710	149863	224033	743548	475	12045	686	417	172	136	120	188	269	194	132	272	47	49	4	20	55	63	11	19	0
*	5p	-	68	204986	128399	135608	202899	671892	390	10771	632	426	169	142	102	152	232	147	112	277	45	37	12	11	35	42	15	18	0
*	5p	-	69	184350	116982	123320	182743	607395	361	9581	539	333	141	130	81	147	237	140	90	235	42	33	11	17	43	42	11	20	0
*	5p	-	70	167387	105805	111174	165117	549483	316	8590	458	312	134	115	96	139	182	107	71	189	39	35	10	14	29	35	6	18	0
