# table produced by mapDamage version 2.2.1
# using mapped file - and /projects/mjolnir1/people/pzx702/wildebeest/refgenomes/BWD_HiC.chr_Human_fossilMito.fasta as reference file
# Chr: reference from sam/bam header, End: from which termini of DNA sequences, Std: strand of reads
Chr	End	Std	Pos	A	C	G	T	Total	G>A	C>T	A>G	T>C	A>C	A>T	C>G	C>A	T>G	T>A	G>C	G>T	A>-	T>-	C>-	G>-	->A	->T	->C	->G	S
*	3p	+	1	84552	49754	45339	79200	258845	219	19313	341	131	55	149	46	100	60	108	21	126	0	0	0	0	0	0	0	0	0
*	3p	+	2	90375	51282	49595	67603	258855	255	9312	326	156	66	89	58	63	63	87	59	79	0	0	0	1	0	0	0	0	0
*	3p	+	3	87714	45308	53741	72092	258855	194	1938	292	160	72	80	45	169	137	130	85	93	0	1	0	0	0	0	0	0	0
*	3p	+	4	89752	43979	51939	73188	258858	196	1358	214	164	62	99	41	121	84	67	41	97	0	0	0	0	0	1	0	0	0
*	3p	+	5	89529	44432	51415	73480	258856	178	1038	239	171	60	56	48	67	73	66	31	81	0	2	0	0	1	3	1	1	0
*	3p	+	6	89276	45370	51232	72920	258798	143	823	201	137	65	48	28	49	52	41	38	106	2	1	0	1	16	15	13	21	0
*	3p	+	7	87106	47910	50379	73365	258760	139	716	175	138	51	50	30	50	43	53	40	92	6	7	5	7	30	23	22	29	0
*	3p	+	8	86575	47918	50489	73751	258733	185	655	162	147	53	43	41	42	59	40	37	106	12	20	12	11	41	25	39	26	0
*	3p	+	9	85020	48559	50650	74499	258728	148	585	177	111	53	50	35	47	66	42	41	96	14	17	8	10	34	36	36	30	0
*	3p	+	10	84811	48950	50327	74639	258727	156	599	160	134	44	56	32	39	41	53	43	130	16	14	6	11	36	43	30	27	0
*	3p	+	11	83992	49912	50024	74795	258723	133	570	178	155	46	45	33	44	49	40	46	100	12	16	12	17	36	37	33	35	0
*	3p	+	12	84359	49447	50569	74341	258716	168	510	172	132	46	48	39	40	38	50	38	101	12	17	12	14	43	45	29	31	0
*	3p	+	13	84350	49457	50392	74509	258708	167	520	169	148	43	46	28	56	53	43	38	104	20	14	12	14	45	43	37	31	0
*	3p	+	14	84856	49703	50322	73844	258725	141	500	182	125	47	52	32	48	43	61	32	77	26	17	20	14	42	37	30	30	0
*	3p	+	15	84376	49531	50295	74490	258692	139	473	157	135	57	51	37	44	54	55	30	76	29	20	14	16	55	38	39	40	0
*	3p	+	16	84430	49928	49917	74440	258715	150	517	206	146	41	59	34	34	53	42	51	113	33	19	13	12	51	41	32	25	0
*	3p	+	17	83533	50077	50202	74880	258692	138	547	172	148	54	52	39	61	50	52	41	103	30	21	9	21	48	48	42	34	0
*	3p	+	18	84031	49782	50216	74670	258699	140	498	164	140	44	58	39	51	53	53	49	77	24	31	7	21	51	58	22	33	0
*	3p	+	19	84146	49749	50455	74344	258694	148	532	168	126	64	51	30	48	56	46	43	97	37	33	9	17	64	37	35	33	0
*	3p	+	20	84313	49727	50295	74354	258689	139	548	182	128	52	48	45	38	46	45	36	104	42	25	13	13	59	43	35	37	0
*	3p	+	21	84106	49817	50285	74480	258688	132	495	163	140	56	30	32	34	34	51	33	95	40	23	18	12	71	40	28	36	0
*	3p	+	22	83934	49858	50175	74702	258669	154	531	175	127	48	45	27	44	57	49	42	84	37	32	14	17	68	51	36	39	0
*	3p	+	23	84077	49698	50519	74402	258696	147	581	174	163	63	45	34	38	52	40	38	93	31	34	19	12	64	49	24	30	0
*	3p	+	24	84168	49598	50711	74228	258705	158	557	148	123	53	53	33	52	52	49	38	75	37	29	22	14	53	50	29	26	0
*	3p	+	25	84657	49469	50516	74040	258682	167	635	163	142	48	34	34	46	52	44	41	74	42	33	7	17	62	42	38	38	0
*	3p	+	26	84484	49746	50447	73983	258660	131	693	178	135	48	57	33	50	44	57	33	79	32	37	10	6	61	61	36	45	0
*	3p	+	27	84123	49841	51188	73559	258711	144	656	207	123	65	35	38	39	47	50	27	92	41	39	11	6	60	36	30	25	0
*	3p	+	28	83899	49840	51259	73712	258710	139	754	194	134	60	50	34	52	61	52	43	83	40	27	16	13	75	45	16	15	0
*	3p	+	29	84063	49326	51273	74085	258747	173	851	204	134	52	82	37	56	57	56	38	109	37	32	8	11	55	32	14	13	0
*	3p	+	30	84228	49081	50911	74550	258770	190	1596	230	149	64	93	56	56	48	102	39	103	33	27	11	7	45	27	10	9	0
*	3p	+	31	79561	46426	47889	70425	244301	157	1582	233	121	59	76	42	70	55	89	30	93	26	27	9	7	32	29	8	13	0
*	3p	+	32	74661	43510	44943	66413	229527	134	1649	209	124	56	66	51	54	44	71	37	96	33	18	9	5	41	24	14	10	0
*	3p	+	33	70234	40953	41747	62327	215261	135	1660	165	121	54	63	35	63	47	69	27	94	29	17	7	5	23	21	6	12	0
*	3p	+	34	64923	38187	39416	58402	200928	152	1668	192	101	41	79	30	57	47	79	17	69	20	9	12	2	27	15	6	5	0
*	3p	+	35	60770	35501	36608	54188	187067	121	1546	183	113	49	67	30	44	41	57	26	70	18	15	8	5	23	17	6	7	0
*	3p	+	36	56394	32703	33827	50776	173700	103	1561	161	83	38	63	28	55	29	61	25	71	16	15	4	6	13	21	6	8	0
*	3p	+	37	51963	30496	31147	47207	160813	106	1484	161	90	39	42	25	49	32	49	16	69	15	12	3	4	16	9	4	6	0
*	3p	+	38	47797	28339	28825	43572	148533	93	1447	144	73	45	63	19	47	31	35	14	60	13	7	1	4	20	7	2	6	0
*	3p	+	39	44045	26107	26678	40009	136839	83	1387	140	68	38	44	21	32	32	52	21	40	16	12	2	3	14	8	3	7	0
*	3p	+	40	40529	23733	24423	37083	125768	94	1352	119	61	28	43	19	42	38	44	14	38	10	8	8	3	15	12	5	2	0
*	3p	+	41	36908	21985	22505	34210	115608	77	1264	114	63	35	32	29	32	22	57	13	44	7	8	3	3	14	10	5	3	0
*	3p	+	42	33511	20256	20793	31193	105753	62	1276	120	57	27	51	17	32	29	36	10	44	11	10	1	4	7	11	4	2	0
*	3p	+	43	30844	18254	18823	28422	96343	65	1163	108	66	21	32	14	33	22	32	9	46	6	8	7	3	7	10	3	4	0
*	3p	+	44	27984	16914	17001	25887	87786	55	1102	78	47	29	35	8	32	20	38	18	43	10	9	1	1	14	2	0	2	0
*	3p	+	45	25467	15291	15405	23595	79758	59	988	85	42	24	32	21	21	14	33	11	27	10	6	3	1	4	5	1	3	0
*	3p	+	46	22932	13819	14233	21356	72340	51	931	62	46	22	27	14	27	20	28	15	44	5	4	1	1	5	9	3	1	0
*	3p	+	47	20960	12460	12767	19338	65525	44	816	56	31	19	22	9	23	17	30	11	20	5	4	1	6	5	7	5	2	0
*	3p	+	48	18806	11363	11563	17739	59471	44	744	68	47	13	31	5	19	12	31	12	22	4	4	0	0	2	5	2	0	0
*	3p	+	49	16826	10384	10308	16324	53842	30	667	70	35	14	24	12	15	14	27	12	26	1	2	0	1	6	9	0	0	0
*	3p	+	50	15250	9401	9591	14552	48794	25	673	53	37	11	18	11	15	9	20	5	14	3	4	1	0	2	2	0	0	0
*	3p	+	51	13881	8449	8642	13084	44056	31	598	37	29	8	25	7	7	9	19	5	12	1	4	1	3	3	4	2	0	0
*	3p	+	52	12372	7641	7855	11886	39754	22	534	41	18	10	21	7	13	6	12	5	18	2	4	0	1	3	5	0	0	0
*	3p	+	53	11280	6848	7246	10547	35921	28	466	32	28	11	12	5	14	8	17	5	13	2	3	0	3	3	3	1	0	0
*	3p	+	54	10286	6223	6390	9583	32482	23	448	36	17	5	17	7	13	8	21	4	14	5	4	1	0	1	2	0	1	0
*	3p	+	55	9137	5629	5779	8721	29266	17	379	30	17	10	11	6	10	7	9	1	14	5	0	1	0	0	2	0	0	0
*	3p	+	56	8311	5009	5214	7854	26388	26	338	38	13	6	11	3	11	3	9	1	12	2	1	1	0	3	2	0	0	0
*	3p	+	57	7478	4522	4725	7165	23890	13	325	20	13	6	10	3	5	12	5	1	19	0	0	1	0	0	1	0	0	0
*	3p	+	58	6761	4236	4167	6364	21528	12	285	18	6	5	16	5	5	8	8	3	11	1	1	0	0	1	0	0	0	0
*	3p	+	59	5973	3781	3911	5839	19504	20	284	27	9	6	6	3	9	6	7	3	4	0	2	0	0	0	0	1	0	0
*	3p	+	60	5494	3436	3540	5176	17646	14	251	12	7	2	6	1	6	5	4	2	4	1	0	0	1	0	0	1	0	0
*	3p	+	61	4994	3058	3183	4712	15947	10	216	19	10	4	7	3	2	2	3	3	6	0	0	1	2	0	0	0	1	0
*	3p	+	62	4590	2744	2841	4285	14460	8	169	15	5	4	7	4	6	1	6	3	9	1	1	2	0	0	0	0	0	0
*	3p	+	63	4022	2581	2654	3806	13063	5	188	16	9	5	5	2	7	6	2	3	8	2	0	0	0	0	0	0	0	0
*	3p	+	64	3640	2243	2391	3571	11845	7	172	18	5	4	2	4	2	6	3	2	9	0	0	0	0	0	0	1	0	0
*	3p	+	65	3227	2067	2137	3299	10730	10	165	19	8	2	5	4	3	3	2	1	3	1	0	0	0	0	1	0	0	0
*	3p	+	66	2921	1897	1980	2938	9736	4	124	5	3	2	3	3	2	2	3	1	4	1	1	1	0	0	0	0	0	0
*	3p	+	67	2666	1791	1742	2634	8833	6	117	7	4	2	3	2	6	2	3	2	2	0	0	0	0	1	1	0	0	0
*	3p	+	68	2421	1556	1555	2487	8019	8	107	6	3	3	4	3	1	0	6	0	1	0	1	0	0	0	1	0	0	0
*	3p	+	69	2264	1405	1431	2181	7281	7	91	6	4	2	4	2	3	1	6	1	4	0	0	0	0	0	0	0	0	0
*	3p	+	70	1984	1284	1398	1953	6619	2	73	4	4	3	2	2	2	0	1	2	3	1	0	0	0	0	0	0	0	0
*	3p	-	1	83722	49470	45600	79690	258482	216	19226	371	120	54	150	38	82	67	120	37	89	0	0	0	0	0	0	0	0	0
*	3p	-	2	90036	50808	49730	67901	258475	221	9360	301	148	68	111	48	72	75	90	56	69	0	0	0	0	6	2	0	1	0
*	3p	-	3	87427	44800	54080	72163	258470	196	1834	282	170	67	97	60	162	117	148	72	83	2	0	0	0	7	6	2	5	0
*	3p	-	4	89024	44035	52270	73122	258451	199	1311	229	151	58	85	58	108	57	97	42	95	6	1	2	1	17	14	1	6	0
*	3p	-	5	89056	43960	51656	73744	258416	162	1025	165	153	57	61	45	67	65	53	47	101	15	3	1	0	32	25	4	13	0
*	3p	-	6	88897	45084	51471	72918	258370	153	799	198	135	47	49	36	51	57	49	27	90	24	13	5	1	48	28	20	24	0
*	3p	-	7	86524	47563	50505	73726	258318	152	781	164	125	37	49	51	59	60	50	43	83	41	21	7	6	56	51	39	26	0
*	3p	-	8	86071	47766	50608	73836	258281	160	681	170	133	54	54	36	43	45	55	36	79	34	21	11	20	72	64	34	39	0
*	3p	-	9	85214	48128	50328	74638	258308	143	607	153	124	63	49	44	48	52	51	33	95	39	24	15	9	56	51	35	39	0
*	3p	-	10	84631	49192	50074	74418	258315	160	608	154	154	53	51	35	52	41	38	34	96	38	36	9	20	68	52	27	28	0
*	3p	-	11	83675	49575	50566	74491	258307	139	544	154	147	39	41	31	60	53	43	42	100	31	22	14	8	68	39	37	39	0
*	3p	-	12	84110	49303	50460	74432	258305	136	525	203	131	37	61	35	49	42	56	44	89	41	27	10	13	62	47	38	39	0
*	3p	-	13	83597	49591	49926	75178	258292	149	478	191	130	43	46	36	52	41	46	33	85	46	27	9	15	74	53	28	43	0
*	3p	-	14	83712	49074	50690	74824	258300	180	515	173	141	38	68	32	48	35	36	31	90	47	28	10	19	73	53	36	29	0
*	3p	-	15	84186	49267	50370	74492	258315	143	515	170	128	52	51	34	49	46	50	35	95	32	28	11	10	62	56	30	28	0
*	3p	-	16	83705	49640	50274	74701	258320	145	523	165	143	45	48	34	38	49	39	38	87	47	30	15	13	46	49	39	37	0
*	3p	-	17	83617	49675	50380	74619	258291	141	526	165	146	53	39	27	49	40	40	43	73	53	30	14	9	78	46	37	39	0
*	3p	-	18	84000	49490	50444	74371	258305	129	537	138	148	50	49	26	59	48	44	31	105	35	37	13	15	66	53	36	31	0
*	3p	-	19	83884	49556	50476	74399	258315	150	583	162	141	52	65	40	54	41	37	34	89	41	21	15	16	54	54	32	36	0
*	3p	-	20	83420	49665	50487	74737	258309	153	550	173	134	55	51	19	48	54	49	34	90	34	31	16	20	60	57	37	28	0
*	3p	-	21	83644	49195	50952	74523	258314	124	518	155	147	64	46	32	33	44	50	40	87	36	41	19	14	65	47	33	32	0
*	3p	-	22	83560	49554	50732	74473	258319	146	549	182	144	50	50	43	46	59	53	46	88	32	32	11	14	47	55	39	31	0
*	3p	-	23	84007	49700	50667	73970	258344	158	587	148	146	75	51	32	49	39	38	56	80	26	21	12	19	51	40	22	34	0
*	3p	-	24	83922	49265	50768	74402	258357	137	556	200	146	58	56	39	44	44	37	45	104	35	19	12	18	39	35	33	27	0
*	3p	-	25	83793	49343	50804	74400	258340	135	621	148	128	59	43	30	30	47	45	47	94	27	21	16	18	50	43	33	25	0
*	3p	-	26	83808	49505	51047	73975	258335	145	623	198	132	58	55	33	55	46	45	36	96	34	23	6	24	49	42	35	29	0
*	3p	-	27	83798	49417	51124	74043	258382	151	607	191	122	61	35	26	54	41	57	35	99	28	16	12	13	36	35	15	21	0
*	3p	-	28	83881	48983	51661	73878	258403	134	754	191	138	48	41	39	46	47	52	34	108	19	18	9	16	27	29	10	20	0
*	3p	-	29	83851	48843	51351	74384	258429	161	883	182	147	69	62	49	50	43	61	43	103	12	13	7	5	20	14	16	10	0
*	3p	-	30	84088	49196	50544	74605	258433	181	1615	229	180	70	87	48	73	70	100	32	109	13	7	10	7	17	23	8	8	0
*	3p	-	31	78712	46058	48312	70812	243894	135	1625	210	109	62	81	40	78	53	83	37	89	15	9	6	8	12	18	9	7	0
*	3p	-	32	74340	43440	44941	66465	229186	139	1655	210	140	54	72	42	63	36	68	29	100	16	10	4	9	22	9	9	3	0
*	3p	-	33	69911	40594	42067	62084	214656	140	1639	191	108	57	90	38	73	39	67	20	90	12	13	4	2	10	21	5	4	0
*	3p	-	34	64840	37921	39114	58696	200571	126	1656	164	113	46	71	32	56	41	57	19	96	15	8	8	6	11	18	4	1	0
*	3p	-	35	60209	35044	36784	54656	186693	120	1597	185	94	39	60	32	37	29	62	28	77	9	14	5	6	13	9	2	4	0
*	3p	-	36	56187	32549	34123	50693	173552	119	1542	149	77	54	67	34	60	32	71	20	69	12	10	3	6	13	7	1	5	0
*	3p	-	37	51905	30116	31408	47345	160774	114	1515	144	77	31	71	21	45	30	59	21	64	8	7	3	4	8	4	2	7	0
*	3p	-	38	47313	28369	29028	43606	148316	98	1503	139	71	27	67	28	45	38	57	17	67	7	7	2	2	9	9	2	8	0
*	3p	-	39	43580	25792	26744	40182	136298	87	1397	133	75	43	57	22	41	26	37	20	58	6	9	3	3	10	5	4	6	0
*	3p	-	40	40009	23589	24444	37146	125188	90	1309	121	63	25	48	23	33	29	42	15	48	6	5	3	3	9	7	3	3	0
*	3p	-	41	36915	21591	22194	34065	114765	79	1237	130	52	35	43	13	39	22	44	14	49	6	6	5	3	8	4	2	1	0
*	3p	-	42	33217	19954	20763	31035	104969	73	1241	117	52	32	40	23	34	31	49	11	39	0	8	4	4	5	2	3	2	0
*	3p	-	43	30479	17913	18847	28477	95716	64	1168	108	46	31	37	16	33	20	58	13	47	8	4	2	1	6	3	0	0	0
*	3p	-	44	27950	16544	17157	25647	87298	76	1065	86	49	31	30	14	23	24	39	6	36	2	3	2	2	5	4	0	3	0
*	3p	-	45	25201	15163	15672	23399	79435	53	950	80	49	27	29	18	20	25	25	10	31	1	1	0	3	3	2	1	3	0
*	3p	-	46	23043	13684	14130	21251	72108	38	890	90	38	25	28	11	20	20	37	14	40	2	4	1	0	4	5	0	1	0
*	3p	-	47	20675	12310	12822	19509	65316	51	831	70	40	13	25	16	19	12	24	6	39	3	0	3	2	3	3	0	5	0
*	3p	-	48	18678	11284	11691	17595	59248	55	776	67	35	14	28	14	19	12	25	6	29	5	7	2	1	2	2	1	0	0
*	3p	-	49	16892	10258	10392	16123	53665	29	722	58	32	10	20	13	17	13	34	7	31	1	3	2	2	3	2	1	1	0
*	3p	-	50	15162	9324	9675	14424	48585	39	624	45	36	14	20	17	14	8	23	4	23	2	0	0	1	4	1	1	1	0
*	3p	-	51	13813	8269	8707	13124	43913	21	566	48	23	12	14	8	15	12	19	8	17	1	0	1	1	2	1	0	1	0
*	3p	-	52	12505	7340	7877	12018	39740	26	511	41	21	9	17	8	9	11	15	5	13	1	1	0	1	1	1	1	0	0
*	3p	-	53	11328	6794	7039	10688	35849	18	478	41	21	13	9	2	6	6	14	5	14	0	1	2	0	1	1	0	1	0
*	3p	-	54	10142	6151	6403	9607	32303	19	427	38	15	5	14	6	7	5	10	4	10	1	1	2	2	1	4	1	2	0
*	3p	-	55	9157	5451	5828	8807	29243	19	380	27	22	10	10	3	9	3	14	3	8	0	0	0	0	2	0	0	0	0
*	3p	-	56	8253	5074	5237	7832	26396	18	354	28	12	4	10	6	4	8	16	2	7	0	1	0	0	2	1	0	2	0
*	3p	-	57	7413	4534	4634	7288	23869	16	324	19	10	11	14	3	6	9	7	3	8	0	1	0	0	1	0	1	0	0
*	3p	-	58	6622	4157	4302	6550	21631	5	274	20	20	9	9	2	11	4	6	3	12	1	1	0	1	0	0	3	0	0
*	3p	-	59	6067	3660	3935	5936	19598	9	275	28	10	6	8	4	3	4	5	5	4	1	1	0	1	0	0	0	0	0
*	3p	-	60	5471	3463	3515	5251	17700	13	245	18	10	8	9	1	11	6	10	3	10	0	0	1	0	0	0	0	1	0
*	3p	-	61	4916	3064	3162	4920	16062	9	211	11	8	4	6	1	4	7	11	4	3	0	0	0	1	0	1	0	0	0
*	3p	-	62	4428	2789	2946	4389	14552	12	181	14	7	6	4	2	5	3	3	1	3	0	0	0	0	1	0	0	0	0
*	3p	-	63	4061	2494	2602	4015	13172	8	166	14	13	4	5	5	4	3	5	2	8	0	0	0	0	0	1	0	0	0
*	3p	-	64	3593	2344	2356	3733	12026	15	161	10	7	2	4	3	6	4	11	1	6	0	0	0	1	0	0	0	0	0
*	3p	-	65	3306	2108	2211	3276	10901	4	141	15	5	0	3	2	4	2	3	4	5	1	0	0	0	0	0	0	0	0
*	3p	-	66	3071	1840	2002	2970	9883	4	130	14	8	2	4	4	11	2	1	4	3	1	0	0	0	1	0	0	0	0
*	3p	-	67	2812	1692	1847	2613	8964	8	126	7	1	0	8	0	2	3	6	0	3	0	0	1	0	0	0	0	0	0
*	3p	-	68	2416	1573	1697	2453	8139	6	111	7	4	3	2	1	5	4	2	1	4	0	0	0	0	0	0	0	0	0
*	3p	-	69	2169	1464	1478	2261	7372	3	103	7	5	5	3	2	4	2	5	2	3	0	0	0	0	0	0	0	0	0
*	3p	-	70	2019	1324	1314	2042	6699	5	84	5	3	0	1	1	2	3	2	2	4	0	0	0	0	0	0	0	0	0
*	5p	+	1	89127	52650	39494	77576	258847	363	18251	752	224	243	580	142	381	165	527	75	265	0	0	0	0	0	0	0	0	0
*	5p	+	2	85874	42626	52702	77635	258837	282	3541	426	201	137	224	97	153	101	250	36	166	0	0	0	0	4	3	4	2	0
*	5p	+	3	84215	46316	55071	73226	258828	183	2116	288	142	58	98	63	77	56	119	38	88	2	3	2	0	9	5	8	7	0
*	5p	+	4	84718	48617	52936	72529	258800	168	1405	240	131	64	67	48	46	74	42	31	86	6	9	4	4	30	15	8	7	0
*	5p	+	5	84048	49804	51772	73062	258686	169	1039	216	148	51	56	29	56	52	56	37	94	22	15	8	7	50	47	42	36	0
*	5p	+	6	83481	50258	51538	73396	258673	159	886	188	137	55	38	42	42	42	60	41	83	30	24	12	6	64	48	34	44	0
*	5p	+	7	84319	49948	51199	73228	258694	167	768	204	122	52	45	36	37	44	52	41	92	36	27	15	7	52	43	40	34	0
*	5p	+	8	85586	49129	50918	73045	258678	173	639	199	126	57	45	37	54	40	53	41	94	26	25	17	11	66	53	32	34	0
*	5p	+	9	85480	49533	51238	72441	258692	132	592	171	120	62	40	39	46	56	46	37	85	30	26	10	14	57	34	37	43	0
*	5p	+	10	84779	50046	50994	72869	258688	133	556	147	146	55	34	23	49	56	43	39	90	35	19	18	14	57	40	36	42	0
*	5p	+	11	84335	49983	51169	73196	258683	170	537	178	127	73	59	33	52	39	51	45	79	31	20	11	9	66	58	24	32	0
*	5p	+	12	84418	50458	50645	73156	258677	136	548	160	151	68	52	27	37	54	46	31	100	38	24	14	8	72	61	25	28	0
*	5p	+	13	84199	49800	50629	74055	258683	138	519	151	158	62	49	33	42	37	37	34	113	39	23	12	12	82	41	27	29	0
*	5p	+	14	84128	50206	50155	74189	258678	164	525	154	135	54	49	28	45	42	51	25	88	44	31	9	18	58	50	43	34	0
*	5p	+	15	83716	50191	50131	74639	258677	155	535	164	164	55	46	20	34	73	48	38	84	46	28	12	19	64	50	37	36	0
*	5p	+	16	84166	49935	50175	74417	258693	147	525	194	135	49	47	35	59	56	42	31	88	41	37	10	12	56	58	33	24	0
*	5p	+	17	84149	50094	50249	74208	258700	141	558	175	128	36	42	36	46	43	58	35	87	44	35	9	18	56	42	28	38	0
*	5p	+	18	84262	49852	50269	74303	258686	127	539	204	149	51	41	32	42	58	48	31	85	39	30	18	15	54	51	39	34	0
*	5p	+	19	83844	49765	50549	74527	258685	144	558	180	137	55	45	42	44	50	49	38	75	43	31	11	16	58	56	38	27	0
*	5p	+	20	83740	49744	50633	74562	258679	146	594	167	141	36	52	39	53	38	59	32	95	39	28	18	15	63	50	31	41	0
*	5p	+	21	83545	50297	50367	74475	258684	139	549	174	109	47	56	32	38	47	48	35	89	33	35	20	24	53	53	40	34	0
*	5p	+	22	84208	49279	50392	74828	258707	159	523	197	129	52	55	32	50	53	34	39	89	31	23	19	16	36	45	38	38	0
*	5p	+	23	84032	49911	50032	74714	258689	146	530	200	136	49	55	32	50	61	41	44	97	26	32	10	14	62	42	40	31	0
*	5p	+	24	84679	49559	50228	74257	258723	163	563	167	143	53	40	43	39	56	51	46	103	39	28	8	16	48	43	26	24	0
*	5p	+	25	85405	48896	50427	74011	258739	160	574	184	136	58	37	41	33	50	38	44	99	32	26	13	12	49	35	18	23	0
*	5p	+	26	85521	48417	50408	74427	258773	181	582	153	144	55	41	45	47	53	51	40	109	31	26	10	9	42	20	14	15	0
*	5p	+	27	85712	48479	50442	74167	258800	144	658	179	156	37	49	42	46	35	60	40	113	19	24	8	10	23	26	3	12	0
*	5p	+	28	85835	48023	51228	73723	258809	161	698	185	134	48	56	38	55	64	34	41	91	18	23	12	7	19	17	11	8	0
*	5p	+	29	86472	48236	50610	73487	258805	136	1084	199	141	38	58	30	47	59	55	60	106	18	17	6	9	22	18	9	10	0
*	5p	+	30	86182	48041	50920	73668	258811	156	1855	180	148	50	59	41	62	53	56	36	94	15	15	4	4	21	19	6	5	0
*	5p	+	31	81683	45250	47632	69781	244346	154	1902	185	117	33	33	33	64	55	63	40	79	7	15	10	4	16	16	3	5	0
*	5p	+	32	76113	43108	44588	65769	229578	146	2043	176	138	41	42	32	50	45	40	34	75	13	9	5	7	19	8	7	6	0
*	5p	+	33	71573	40067	41561	62090	215291	115	1944	159	117	38	52	30	47	41	31	27	69	9	13	6	4	18	10	4	2	0
*	5p	+	34	66605	37138	39034	58174	200951	127	1978	159	95	36	42	23	37	40	38	32	69	8	13	2	3	15	8	3	4	0
*	5p	+	35	61549	35013	36063	54461	187086	113	1901	143	88	28	43	24	52	43	30	22	54	5	9	1	7	14	9	2	7	0
*	5p	+	36	57100	32084	34112	50424	173720	94	1862	145	87	36	25	22	41	35	26	36	50	7	8	3	6	10	10	6	2	0
*	5p	+	37	52459	29826	31319	47215	160819	95	1790	130	95	39	32	18	39	35	33	25	46	6	7	3	1	13	10	0	6	0
*	5p	+	38	48660	27443	29254	43182	148539	88	1713	116	71	30	24	22	38	31	34	25	59	5	6	3	5	11	9	2	5	0
*	5p	+	39	44767	25524	26682	39876	136849	90	1595	98	67	27	31	11	27	34	26	13	51	3	9	4	2	4	7	5	5	0
*	5p	+	40	40868	23445	24643	36829	125785	73	1639	99	76	19	29	23	37	21	25	20	44	5	4	1	2	6	4	4	2	0
*	5p	+	41	37576	21414	22603	34028	115621	82	1571	105	49	24	31	7	26	31	33	24	47	5	5	3	2	7	7	1	5	0
*	5p	+	42	34054	19927	20340	31449	105770	70	1514	96	57	22	18	12	30	29	19	13	33	6	3	0	0	5	2	0	1	0
*	5p	+	43	31426	18025	18474	28434	96359	63	1389	81	38	27	27	13	22	28	22	6	29	3	3	3	4	5	3	0	0	0
*	5p	+	44	28202	16495	16901	26198	87796	70	1345	66	41	16	29	13	25	17	20	13	33	2	2	2	0	0	5	1	1	0
*	5p	+	45	25581	14904	15630	23644	79759	50	1171	71	42	14	27	12	25	17	24	7	22	7	2	1	1	5	3	2	2	0
*	5p	+	46	23220	13492	14048	21591	72351	37	1134	68	37	11	10	14	20	16	13	8	19	6	5	2	2	0	4	2	0	0
*	5p	+	47	20811	12356	12779	19586	65532	46	1015	56	26	7	19	8	18	10	16	7	23	2	3	1	0	2	7	2	0	0
*	5p	+	48	18779	11265	11615	17810	59469	50	916	46	47	13	11	6	20	14	15	9	20	3	1	0	1	6	3	1	0	0
*	5p	+	49	17050	10015	10584	16199	53848	32	831	50	24	12	11	9	16	17	11	6	24	1	1	2	0	4	2	1	0	0
*	5p	+	50	15496	9297	9491	14505	48789	27	740	42	30	8	10	10	12	9	10	6	17	1	3	0	1	2	3	2	0	0
*	5p	+	51	13939	8274	8532	13316	44061	24	712	45	21	8	10	4	12	8	3	6	22	4	1	1	1	2	1	1	0	0
*	5p	+	52	12624	7495	7733	11906	39758	25	620	31	21	7	17	3	7	7	11	7	11	0	0	0	1	1	1	1	1	0
*	5p	+	53	11523	6816	6868	10716	35923	10	562	28	18	6	8	8	9	6	6	4	12	1	1	0	1	1	1	1	2	0
*	5p	+	54	10298	6092	6301	9792	32483	18	525	25	23	6	7	2	8	7	7	4	13	1	1	1	0	1	0	1	1	0
*	5p	+	55	9196	5668	5671	8727	29262	21	466	17	23	5	2	3	10	2	5	5	15	0	1	0	0	2	1	0	1	0
*	5p	+	56	8257	5026	5126	7978	26387	13	378	27	12	6	10	0	4	9	6	3	9	1	0	0	0	2	1	0	1	0
*	5p	+	57	7512	4477	4759	7139	23887	12	361	23	13	3	3	2	8	8	6	3	9	0	0	0	1	1	0	1	0	0
*	5p	+	58	6712	4147	4288	6380	21527	12	353	21	9	3	8	1	5	6	6	2	9	0	0	0	1	0	0	0	0	0
*	5p	+	59	6025	3774	3831	5875	19505	6	314	14	8	0	4	3	1	7	3	2	11	1	2	0	0	0	0	0	0	0
*	5p	+	60	5484	3265	3558	5338	17645	17	285	12	4	5	3	2	0	5	4	1	6	0	0	1	0	0	0	0	0	0
*	5p	+	61	5030	3004	3144	4769	15947	6	233	8	7	3	6	2	6	2	7	2	10	0	1	0	0	1	0	0	0	0
*	5p	+	62	4488	2800	2835	4336	14459	9	233	13	4	5	0	4	1	5	2	2	6	0	0	0	1	0	0	0	1	0
*	5p	+	63	4149	2496	2514	3901	13060	9	209	11	7	1	4	3	2	3	2	1	4	0	0	0	1	2	1	0	0	0
*	5p	+	64	3590	2238	2422	3595	11845	7	182	10	6	2	4	3	0	3	2	0	4	0	0	0	1	1	0	0	0	0
*	5p	+	65	3357	2081	2155	3136	10729	5	154	10	7	2	4	0	2	3	0	2	5	1	0	1	0	2	1	0	0	0
*	5p	+	66	3128	1880	1909	2819	9736	3	154	6	3	0	3	0	1	0	3	0	2	1	0	1	0	0	0	1	0	0
*	5p	+	67	2722	1677	1750	2685	8834	8	136	5	2	1	0	0	2	1	3	1	3	0	0	0	1	0	1	0	0	0
*	5p	+	68	2484	1574	1605	2357	8020	4	126	8	5	0	2	2	1	0	2	0	6	0	0	1	0	0	0	0	0	0
*	5p	+	69	2214	1458	1498	2111	7281	6	137	8	5	1	1	0	1	2	1	1	2	0	0	0	1	0	0	0	0	0
*	5p	+	70	1988	1307	1343	1980	6618	4	105	7	4	2	0	1	0	0	2	0	2	0	0	0	0	0	1	0	0	0
*	5p	-	1	88920	52331	39395	77827	258473	354	18060	807	266	226	558	145	359	164	504	52	264	0	0	0	0	0	0	0	0	0
*	5p	-	2	85600	42444	53001	77431	258476	277	3580	409	184	119	249	97	141	104	280	52	163	0	0	0	0	0	0	0	0	0
*	5p	-	3	83608	46058	55091	73728	258485	186	2184	311	154	92	111	63	93	66	115	48	97	0	0	0	0	0	0	1	0	0
*	5p	-	4	84744	48425	53098	72213	258480	169	1447	241	146	57	53	54	65	56	85	41	83	0	0	1	0	3	1	2	1	0
*	5p	-	5	83739	49163	52059	73402	258363	155	1090	209	126	59	61	34	43	45	66	37	99	9	8	12	8	31	28	27	38	0
*	5p	-	6	82954	50046	51925	73433	258358	176	863	194	131	58	50	29	37	47	39	46	96	13	11	8	11	43	37	25	26	0
*	5p	-	7	84613	49249	51363	73138	258363	143	728	196	133	45	48	25	56	50	61	33	107	16	8	13	8	34	33	32	27	0
*	5p	-	8	85243	48768	51151	73199	258361	151	652	188	118	66	45	38	47	45	38	31	84	11	13	9	12	37	36	25	30	0
*	5p	-	9	85291	49297	50858	72920	258366	145	568	179	149	53	49	32	55	56	54	47	93	12	14	12	23	27	37	28	32	0
*	5p	-	10	84412	49588	51134	73230	258364	154	549	172	122	58	46	42	33	51	44	44	110	10	13	5	9	45	30	25	27	0
*	5p	-	11	83607	49624	51346	73766	258343	137	519	158	156	59	44	37	56	42	56	41	96	14	21	13	16	41	32	40	35	0
*	5p	-	12	83946	49953	50901	73555	258355	133	513	183	115	50	51	37	48	60	42	34	86	12	13	11	14	38	42	36	20	0
*	5p	-	13	83597	49788	50643	74305	258333	131	532	157	136	50	58	32	58	55	46	33	104	19	19	15	7	38	49	36	35	0
*	5p	-	14	83455	50018	50300	74563	258336	164	539	171	132	59	38	34	50	29	39	38	89	32	19	12	17	49	45	31	30	0
*	5p	-	15	83534	49743	50110	74961	258348	139	509	166	138	52	42	21	53	42	50	41	107	28	22	15	11	42	41	33	27	0
*	5p	-	16	83468	49898	50464	74511	258341	146	564	187	141	61	42	32	46	46	46	45	84	29	28	18	12	46	45	34	25	0
*	5p	-	17	83939	49879	50213	74298	258329	139	501	177	144	47	55	30	51	40	54	34	98	23	28	16	18	54	45	33	30	0
*	5p	-	18	83487	49770	50390	74673	258320	169	535	176	142	55	53	29	36	48	45	29	87	32	21	12	19	57	35	35	44	0
*	5p	-	19	83490	49616	50407	74789	258302	127	557	150	130	46	51	41	41	45	50	33	82	29	23	18	12	71	47	32	39	0
*	5p	-	20	83681	49302	50384	74937	258304	147	523	169	137	44	60	37	41	40	43	46	108	40	31	8	16	62	44	41	40	0
*	5p	-	21	83613	49698	50379	74624	258314	147	561	155	140	52	47	36	47	40	46	32	111	41	28	10	14	74	39	31	33	0
*	5p	-	22	83965	49297	50709	74337	258308	189	520	165	142	56	51	39	55	36	46	35	91	40	25	14	12	66	44	36	37	0
*	5p	-	23	84012	49251	50404	74649	258316	133	600	170	147	50	48	41	41	42	51	32	91	41	30	18	15	62	53	28	32	0
*	5p	-	24	84144	49054	50247	74877	258322	155	595	147	145	63	46	30	54	44	40	40	79	41	17	9	19	51	52	39	27	0
*	5p	-	25	84031	49101	51057	74154	258343	150	616	161	130	55	39	35	45	53	38	48	84	53	25	13	20	51	42	30	24	0
*	5p	-	26	84630	48510	50663	74548	258351	136	638	170	128	65	48	42	57	47	50	38	65	39	21	7	13	62	46	16	16	0
*	5p	-	27	85322	48000	50868	74173	258363	149	639	183	128	52	59	40	52	50	48	42	106	42	23	5	7	54	34	18	22	0
*	5p	-	28	85363	47943	51172	73905	258383	147	677	179	151	40	60	40	60	45	60	39	100	37	20	11	6	45	40	13	10	0
*	5p	-	29	85847	47940	50846	73759	258392	162	1065	209	151	47	45	42	55	55	50	34	104	40	15	7	7	40	29	6	23	0
*	5p	-	30	86001	48192	50585	73638	258416	159	1894	212	155	50	68	40	53	52	64	38	101	28	23	7	8	36	28	6	5	0
*	5p	-	31	81091	44965	47609	70189	243854	160	1999	177	137	53	59	31	67	49	45	36	75	39	20	4	10	45	24	10	8	0
*	5p	-	32	75725	42606	45062	65771	229164	172	2034	178	107	40	63	30	65	24	41	27	95	26	19	10	9	30	20	8	11	0
*	5p	-	33	70886	39520	42057	62177	214640	103	2033	171	114	30	46	35	42	55	50	24	57	23	15	5	4	28	17	6	7	0
*	5p	-	34	65932	37171	39481	57957	200541	128	1951	136	87	32	38	21	49	46	38	25	62	24	20	1	6	29	20	7	9	0
*	5p	-	35	61593	34545	36472	54055	186665	121	1846	131	108	39	49	32	44	38	37	20	53	19	18	3	4	22	22	5	7	0
*	5p	-	36	56870	31898	34256	50502	173526	89	1817	141	77	30	31	24	46	34	36	21	60	14	10	2	5	26	14	7	5	0
*	5p	-	37	52593	29792	31475	46880	160740	100	1788	103	65	30	37	19	49	27	39	25	58	16	9	1	3	18	22	5	9	0
*	5p	-	38	48214	27371	29019	43703	148307	76	1788	89	66	21	31	22	26	35	36	15	36	12	4	4	2	13	11	5	8	0
*	5p	-	39	44522	25234	26655	39879	136290	93	1739	111	79	30	38	19	27	36	28	15	41	4	3	4	5	12	15	3	3	0
*	5p	-	40	40252	23088	24793	37057	125190	76	1570	75	68	19	30	15	20	23	24	21	42	14	3	4	3	5	14	1	3	0
*	5p	-	41	37145	21233	22272	34106	114756	61	1523	103	62	24	28	13	22	25	24	22	38	9	14	4	6	10	13	1	1	0
*	5p	-	42	33657	19539	20670	31100	104966	68	1454	83	46	20	17	15	29	27	20	19	29	10	12	2	2	6	7	1	2	0
*	5p	-	43	30782	17620	18612	28692	95706	72	1398	86	46	13	18	13	19	16	21	16	34	5	6	0	5	7	8	1	3	0
*	5p	-	44	27870	16408	16992	26022	87292	53	1314	64	42	20	16	10	21	17	20	13	33	6	10	2	3	8	7	0	3	0
*	5p	-	45	25519	14680	15465	23760	79424	52	1168	73	42	11	14	14	13	18	25	12	19	10	6	0	0	7	8	1	5	0
*	5p	-	46	23177	13315	14163	21450	72105	39	1083	53	50	13	20	12	20	19	14	14	21	8	8	0	1	4	5	3	3	0
*	5p	-	47	20877	12163	12904	19369	65313	37	960	58	37	14	23	7	22	6	14	7	21	3	3	0	2	10	5	0	0	0
*	5p	-	48	18930	11037	11612	17666	59245	30	898	45	26	12	15	7	13	12	10	10	24	5	6	2	1	2	3	2	1	0
*	5p	-	49	17095	10043	10568	15954	53660	34	758	44	32	10	12	8	16	15	8	6	22	4	5	1	3	3	3	0	5	0
*	5p	-	50	15497	9030	9522	14534	48583	25	739	31	27	5	12	7	7	11	13	6	14	6	2	1	1	2	2	2	2	0
*	5p	-	51	13971	8141	8633	13163	43908	16	694	45	24	9	10	3	6	7	7	4	17	5	4	3	0	5	3	0	1	0
*	5p	-	52	12408	7506	7921	11901	39736	28	662	40	19	5	14	4	11	9	5	4	14	1	6	1	2	4	3	0	1	0
*	5p	-	53	11403	6623	7004	10813	35843	17	520	28	14	8	6	3	6	7	4	4	9	3	3	2	0	4	5	1	0	0
*	5p	-	54	10167	6001	6370	9766	32304	17	490	28	18	3	6	1	9	6	7	4	7	1	2	0	1	3	4	0	1	0
*	5p	-	55	9251	5419	5730	8840	29240	17	428	14	8	3	2	3	6	6	11	4	9	0	2	0	2	0	4	1	1	0
*	5p	-	56	8302	5087	5137	7869	26395	17	425	28	10	5	7	5	8	3	6	2	5	0	3	1	1	3	2	1	1	0
*	5p	-	57	7465	4615	4706	7080	23866	16	386	22	11	3	8	4	4	5	3	5	11	2	1	0	0	2	3	1	0	0
*	5p	-	58	6771	4101	4218	6542	21632	11	364	21	11	5	4	2	6	2	3	3	8	1	0	0	0	0	1	0	1	0
*	5p	-	59	6122	3674	3862	5936	19594	12	336	22	6	4	7	4	4	7	6	3	9	2	3	0	0	2	2	0	0	0
*	5p	-	60	5480	3312	3594	5310	17696	10	254	20	7	3	3	1	3	2	2	3	8	1	4	0	0	2	3	0	0	0
*	5p	-	61	5027	3001	3241	4790	16059	7	237	10	8	1	4	4	4	1	2	2	5	0	2	0	0	2	2	0	0	0
*	5p	-	62	4516	2749	2905	4379	14549	9	215	9	8	1	4	2	3	2	0	1	6	0	0	0	1	1	3	0	0	0
*	5p	-	63	4092	2495	2625	3957	13169	7	199	6	4	4	1	3	7	3	5	3	5	1	0	0	0	2	0	0	2	0
*	5p	-	64	3779	2265	2365	3613	12022	5	190	6	8	2	1	1	2	4	3	0	5	2	1	0	1	0	2	1	0	0
*	5p	-	65	3420	2059	2151	3267	10897	8	174	13	6	1	0	2	2	2	1	2	5	0	1	2	0	1	1	0	1	0
*	5p	-	66	3017	1894	2003	2969	9883	6	154	9	2	1	1	0	2	0	0	1	3	1	0	1	0	1	0	0	0	0
*	5p	-	67	2784	1729	1770	2681	8964	3	148	4	1	3	0	2	2	1	4	2	2	1	0	0	0	0	0	0	0	0
*	5p	-	68	2614	1570	1566	2389	8139	4	119	4	4	2	2	1	2	3	2	1	1	1	0	0	1	0	0	0	0	0
*	5p	-	69	2237	1418	1577	2140	7372	5	122	4	3	3	3	0	1	0	1	3	4	1	1	0	1	0	0	0	0	0
*	5p	-	70	2021	1269	1376	2033	6699	3	90	4	7	1	1	0	1	1	1	1	1	0	1	1	0	0	0	0	0	0
