# table produced by mapDamage version 2.2.1
# using mapped file - and /projects/mjolnir1/people/pzx702/wildebeest/refgenomes/BWD_HiC.chr_Human_fossilMito.fasta as reference file
# Chr: reference from sam/bam header, End: from which termini of DNA sequences, Std: strand of reads
Chr	End	Std	Pos	A	C	G	T	Total	G>A	C>T	A>G	T>C	A>C	A>T	C>G	C>A	T>G	T>A	G>C	G>T	A>-	T>-	C>-	G>-	->A	->T	->C	->G	S
*	3p	+	1	6919778	4079122	3757077	6527347	21283324	17373	1576371	29448	12237	6130	12201	4294	6553	8275	8422	2871	8075	0	0	0	0	0	0	0	0	1
*	3p	+	2	7419470	4199401	4088872	5575843	21283586	19787	759607	26647	14637	7711	7641	4411	7337	10182	7165	4747	6516	0	0	1	2	0	1	0	1	0
*	3p	+	3	7222179	3712172	4443676	5905816	21283843	16585	153821	25034	15320	7811	6524	3670	13953	13876	10265	5754	7877	1	1	0	0	9	6	8	12	0
*	3p	+	4	7405037	3616428	4274460	5987932	21283857	14954	107138	20941	13863	7232	7699	3143	8835	11413	6680	3548	8699	1	1	2	4	40	50	39	69	0
*	3p	+	5	7338688	3636055	4269303	6039562	21283608	14006	83248	18813	13900	7020	4658	3069	5342	9159	4812	3078	8746	24	30	33	24	169	159	113	151	0
*	3p	+	6	7323945	3739695	4235171	5980318	21279129	13167	68123	17453	11793	6251	3838	2847	4587	8636	3980	2970	8498	84	94	80	104	1292	1252	1199	1406	0
*	3p	+	7	7165084	3920997	4143504	6045428	21275013	12736	59927	16386	11663	6320	3703	2732	4165	7985	3869	2917	7992	612	581	511	502	2451	2271	2158	2425	0
*	3p	+	8	7121302	3945112	4148887	6058709	21274010	12999	52878	16810	12647	7867	3913	2844	4238	7097	3847	3368	7797	1034	949	797	831	2739	2677	2431	2492	0
*	3p	+	9	7021155	4011182	4159687	6081313	21273337	12858	50289	15912	12290	7507	3805	2730	4176	6997	3762	3307	7938	1178	1160	859	902	3034	2764	2437	2810	0
*	3p	+	10	6958716	4059220	4139187	6115784	21272907	12500	46440	14976	11706	6606	3804	2709	4093	7363	3642	2980	7852	1309	1280	835	1008	3123	2934	2655	2752	0
*	3p	+	11	6910681	4089310	4147172	6125529	21272692	12413	43512	14947	11848	7066	3885	2686	4144	7050	3709	2972	8189	1507	1400	974	984	3244	3029	2637	2802	0
*	3p	+	12	6930879	4078491	4163472	6099425	21272267	12437	41823	14412	11974	6503	3747	2704	4047	7506	3740	2929	8003	1681	1523	968	1029	3605	3137	2622	2780	0
*	3p	+	13	6913354	4085625	4136594	6136593	21272166	12101	41111	16086	11977	8070	3691	2782	4080	6715	3672	2988	8036	1772	1582	1034	1039	3583	3239	2634	2802	0
*	3p	+	14	6933979	4081542	4156125	6100239	21271885	12363	41179	14438	11884	6712	3653	2670	4165	7565	3594	2946	7785	1947	1687	1023	1159	3862	3196	2624	2862	0
*	3p	+	15	6923571	4089558	4156914	6101359	21271402	12366	41274	14520	11840	6879	3649	2709	4273	7724	3648	2930	7898	2127	1730	1056	1185	4108	3340	2641	2939	0
*	3p	+	16	6899982	4102795	4142825	6125677	21271279	12248	41856	14879	11946	7359	3648	2788	3965	7691	3603	2893	7587	2292	1876	1020	1210	4140	3526	2643	2840	0
*	3p	+	17	6877805	4117749	4134792	6140743	21271089	12108	41552	14268	12744	7903	3730	2826	4063	7123	3754	3292	7698	2392	2035	1006	1156	4377	3611	2646	2703	0
*	3p	+	18	6895866	4101582	4146401	6126760	21270609	12162	41659	14514	11871	7329	3649	2688	4107	7068	3697	2847	7772	2689	2207	1047	1172	4610	3715	2652	2836	0
*	3p	+	19	6884879	4115628	4151543	6118126	21270176	12133	42183	14406	12300	8018	3734	2743	3960	6547	3761	3200	7590	2830	2218	1114	1174	4891	3796	2711	2844	0
*	3p	+	20	6879128	4116929	4155275	6118839	21270171	12041	42960	15180	11869	8818	3607	2664	5179	6105	3594	2852	7755	2967	2280	1066	1201	4894	3813	2693	2853	0
*	3p	+	21	6866273	4130369	4161602	6111954	21270198	12021	44086	14287	11981	8362	3729	2696	3797	5024	3689	2807	8331	3161	2390	1110	1242	4934	3782	2665	2843	0
*	3p	+	22	6881529	4118738	4161481	6108119	21269867	12038	43716	14153	12125	8424	3627	2685	3890	5649	3637	2873	7516	3239	2458	1117	1282	5059	4004	2758	2719	0
*	3p	+	23	6897431	4104583	4159248	6108431	21269693	12163	44652	14148	12442	9445	3528	2708	3765	5835	3640	3189	7473	3263	2446	1102	1260	5210	3983	2686	2849	0
*	3p	+	24	6906413	4102230	4170802	6090005	21269450	12203	45802	14384	12335	9996	3511	2738	3911	5839	3679	3140	7557	3234	2487	1135	1204	5286	4013	2699	2963	0
*	3p	+	25	6903731	4104506	4173018	6088005	21269260	12203	48260	14825	11813	10657	3579	2751	3752	6572	3489	2787	7606	3369	2526	1127	1214	5220	4142	2848	2951	0
*	3p	+	26	6893393	4111205	4177708	6086964	21269270	12284	49745	14541	12248	14370	3781	2712	3845	4842	3557	2951	7641	3371	2537	1121	1204	5193	4161	2837	2953	0
*	3p	+	27	6886990	4120619	4187614	6077352	21272575	12251	53433	15424	12880	15920	3684	2679	3920	4897	3702	3063	7529	3331	2556	1122	1200	4532	3277	1905	2104	0
*	3p	+	28	6877956	4105419	4207987	6083856	21275218	12465	58941	15225	13224	15249	4049	2840	3920	4766	3956	2881	7732	3066	2244	963	1035	3679	2713	1354	1409	0
*	3p	+	29	6876881	4074824	4219108	6105849	21276662	13020	70666	16857	12976	17555	4890	3060	4182	5455	4968	2978	8393	2735	2040	785	851	3321	2351	998	1020	0
*	3p	+	30	6908259	4078501	4164622	6126273	21277655	14244	137492	19480	14399	18844	7579	3749	5823	5733	7151	3474	9068	2546	1794	642	730	2911	2065	844	830	0
*	3p	+	31	6469792	3832733	3904901	5775435	19982861	13167	140400	18441	12606	18166	6903	3329	5664	5183	6421	2755	8380	2256	1672	541	621	2718	1841	630	741	0
*	3p	+	32	6046085	3580229	3652908	5406975	18686197	12494	140526	17238	11330	16699	6303	3053	4966	4401	5854	2544	7734	2050	1519	521	634	2392	1722	605	642	0
*	3p	+	33	5637262	3327264	3405898	5044559	17414983	11352	139354	16302	10873	15975	5995	2801	4839	4301	5689	2346	7336	1871	1426	479	491	2051	1546	523	560	0
*	3p	+	34	5224804	3089906	3160886	4701787	16177383	10428	136960	15184	9682	14978	5588	2589	4367	3703	5412	2025	6715	1595	1301	432	471	1804	1482	444	509	0
*	3p	+	35	4839557	2851857	2920803	4362540	14974757	9690	132462	14543	9272	13552	5352	2481	4176	3821	5076	2096	6142	1552	1211	373	446	1663	1215	445	453	0
*	3p	+	36	4454814	2634667	2695879	4031655	13817015	9266	128248	13309	8622	11518	4873	2339	3798	5285	4705	1732	5720	1351	1095	383	421	1539	1158	364	390	0
*	3p	+	37	4087739	2430837	2468991	3724445	12712012	8430	123299	12161	7994	10701	4539	2075	3603	3452	4486	1614	5561	1228	1037	327	342	1341	962	346	348	0
*	3p	+	38	3740012	2230625	2267374	3424499	11662510	7741	118348	11474	7064	10693	4252	1915	3166	2787	4181	1551	4886	1140	923	306	333	1153	932	338	327	0
*	3p	+	39	3416773	2044141	2077446	3138564	10676924	7185	112043	10518	6733	10219	3919	1849	3122	2854	3917	1376	4516	971	848	263	296	1025	840	310	272	0
*	3p	+	40	3109003	1869314	1902079	2872797	9753193	6569	107075	10061	6215	9770	3675	1765	2841	2263	3686	1370	4501	829	763	231	239	877	721	265	272	0
*	3p	+	41	2830723	1703329	1736063	2620604	8890719	6097	101647	9282	6261	8831	3551	1587	2773	2322	3455	1472	3949	765	618	215	230	775	685	225	224	0
*	3p	+	42	2569850	1552621	1579967	2387110	8089548	5625	100499	8307	5789	8333	3473	1536	2702	2473	3296	1446	3673	656	578	199	197	723	603	202	217	0
*	3p	+	43	2325856	1406108	1430692	2164759	7327415	5151	92420	7938	4647	7369	3150	1343	2382	2007	2962	1018	3245	608	546	153	199	615	590	186	187	0
*	3p	+	44	2103184	1267558	1292708	1961705	6625155	4514	84763	7037	4372	6586	2783	1280	2134	2003	2788	959	3016	499	476	152	165	557	468	183	146	0
*	3p	+	45	1897185	1145273	1166904	1774023	5983385	4237	77819	6513	3976	5999	2563	1150	2057	1460	2537	918	2814	467	368	129	168	475	444	133	146	0
*	3p	+	46	1707298	1035242	1051201	1601747	5395488	3710	71471	5853	3434	5023	2313	992	1907	1514	2260	723	2519	372	344	125	143	407	450	131	131	0
*	3p	+	47	1534420	931160	947236	1446688	4859504	3382	64893	5161	3014	4607	2015	906	1627	1372	2110	641	2193	377	319	95	129	346	371	125	103	0
*	3p	+	48	1377557	839277	851851	1304024	4372709	3045	58910	4497	2863	3877	1810	824	1482	1264	1938	613	2025	287	302	96	102	313	299	93	103	0
*	3p	+	49	1236844	754783	765896	1173130	3930653	2770	53813	4197	2581	3792	1706	748	1323	1079	1694	492	1802	281	231	82	90	268	261	99	83	0
*	3p	+	50	1108218	678149	689798	1054617	3530782	2353	48147	3509	2407	3179	1488	684	1196	1111	1470	486	1650	221	222	75	57	229	222	86	75	0
*	3p	+	51	992280	609081	620841	947038	3169240	2191	43659	3392	2107	3007	1323	589	1131	877	1408	418	1439	198	202	64	70	200	223	77	80	0
*	3p	+	52	889729	547298	556106	849758	2842891	1970	39464	2993	1836	2464	1211	554	936	854	1201	360	1251	175	189	47	73	178	187	68	61	0
*	3p	+	53	798181	490240	499767	760537	2548725	1658	35552	2670	1694	2251	1125	492	824	704	1121	332	1128	142	151	44	50	148	158	59	52	0
*	3p	+	54	714163	440564	448870	681640	2285237	1587	32074	2366	1469	2066	1011	464	796	716	1013	337	1018	144	135	37	53	134	134	50	38	0
*	3p	+	55	638182	394910	402327	613052	2048471	1438	28419	2046	1324	1782	884	401	697	581	873	285	929	108	129	37	34	114	136	56	39	0
*	3p	+	56	570400	355069	360966	550316	1836751	1230	25847	1997	1184	1617	767	336	608	586	781	246	812	112	96	26	33	94	87	27	44	0
*	3p	+	57	510915	319322	323574	492538	1646349	1142	23063	1670	1066	1445	729	332	552	537	665	236	763	82	98	26	37	75	92	31	25	0
*	3p	+	58	457200	286235	289979	443040	1476454	988	20206	1468	991	1294	661	313	497	491	653	199	635	90	72	29	29	59	67	26	31	0
*	3p	+	59	411125	256793	260406	396600	1324924	889	18331	1363	897	1109	539	235	418	397	567	186	616	78	70	20	11	70	68	24	24	0
*	3p	+	60	367874	231165	234575	356423	1190037	801	16357	1231	808	1043	541	232	347	400	499	174	598	56	54	16	15	63	65	29	16	0
*	3p	+	61	330270	208440	210036	320442	1069188	716	14906	1075	785	915	403	206	353	459	399	141	482	46	50	16	14	52	54	13	11	0
*	3p	+	62	296938	187754	189812	286642	961146	684	13504	974	644	826	355	190	318	326	389	133	454	39	41	11	18	31	35	32	10	0
*	3p	+	63	265742	168523	171122	259218	864605	582	12184	818	600	846	345	178	267	303	336	125	408	38	25	9	19	32	39	11	9	0
*	3p	+	64	239169	152632	154047	232410	778258	550	11396	811	538	722	346	201	240	250	326	124	421	27	22	11	14	28	41	11	13	0
*	3p	+	65	214612	136680	137977	209128	698397	493	10069	767	443	655	349	139	254	261	302	97	353	23	29	13	10	23	35	5	7	0
*	3p	+	66	191934	122890	125029	187995	627848	421	8934	658	427	591	286	101	200	237	276	100	311	18	27	7	13	21	31	8	7	0
*	3p	+	67	172839	110869	112274	169005	564987	376	7934	574	371	555	256	110	187	197	240	81	338	23	28	6	12	21	33	10	11	0
*	3p	+	68	155039	100886	100822	152051	508798	357	7224	477	385	480	195	79	161	182	220	96	262	20	21	5	10	14	19	8	4	0
*	3p	+	69	140274	90943	91238	136330	458785	294	6403	463	317	469	193	91	152	183	190	89	258	25	21	7	11	22	16	8	3	0
*	3p	+	70	125759	82242	82568	123416	413985	277	5581	408	307	360	175	92	146	140	175	61	208	17	12	2	9	20	11	5	5	0
*	3p	-	1	6901091	4063596	3764218	6533603	21262508	17230	1571282	29447	12264	6060	12130	4138	6368	8492	8506	2762	8144	0	0	0	0	0	0	0	0	5
*	3p	-	2	7400129	4183385	4099367	5579306	21262187	19856	757736	26670	14628	7844	7556	4388	7093	10251	7096	4634	6523	0	0	0	0	299	143	65	61	5
*	3p	-	3	7204569	3696044	4453757	5907045	21261415	16727	153620	24943	15038	7842	6401	3612	13782	13715	10322	5887	7948	95	41	21	19	786	415	151	242	1
*	3p	-	4	7381615	3600600	4279965	5997376	21259556	15210	107317	20689	14095	7119	7588	3146	8599	11309	6718	3453	8734	342	159	66	43	1903	900	336	432	0
*	3p	-	5	7317958	3621295	4274505	6043528	21257286	13663	83434	18613	13632	6854	4633	2938	5208	9140	4741	3046	8785	1038	426	196	177	2967	1585	630	795	0
*	3p	-	6	7302701	3721905	4242506	5985992	21253104	13264	68022	17100	11670	6078	3915	2730	4580	8691	4143	2933	8357	1769	930	376	340	4097	2770	1495	1827	0
*	3p	-	7	7138994	3904300	4155886	6050371	21249551	12628	59663	16458	11462	6304	3738	2654	4170	7865	3993	2988	8013	2272	1466	701	716	4808	3615	2562	2797	0
*	3p	-	8	7102343	3927038	4160954	6058728	21249063	12931	52697	16766	12676	7988	3690	2730	4094	7005	3812	3337	7833	2760	1895	953	930	4933	3857	2589	2936	0
*	3p	-	9	6997096	3988599	4171700	6091479	21248874	12715	50186	15803	12282	7507	3694	2786	4052	6910	3904	3257	7842	2976	2290	1032	1090	5098	3892	2702	2832	0
*	3p	-	10	6934767	4042723	4150513	6120687	21248690	12363	46725	15157	11606	6562	3617	2668	4086	7363	3754	3050	7976	3195	2330	1052	1108	5113	4062	2737	2773	0
*	3p	-	11	6891630	4074503	4154851	6127966	21248950	12273	43924	14854	11843	7135	3691	2640	3985	7141	3798	2819	8210	3239	2362	1120	1112	5123	3829	2656	2858	0
*	3p	-	12	6912926	4060657	4173120	6102111	21248814	12329	41155	14661	11502	6443	3623	2812	4071	7428	3703	2895	8095	3327	2479	1108	1154	5064	3947	2707	2900	0
*	3p	-	13	6893710	4071736	4142316	6141123	21248885	12157	40794	16186	11714	7748	3748	2761	4099	7007	3790	2911	8397	3355	2421	1147	1162	5143	3925	2718	2747	0
*	3p	-	14	6910850	4064176	4165574	6108206	21248806	12251	40924	14426	11683	6741	3725	2752	4097	7436	3657	2889	7999	3337	2535	1056	1221	5022	4083	2660	2866	0
*	3p	-	15	6905259	4069117	4166880	6107744	21249000	12196	41250	14473	11694	6847	3678	2813	4112	7560	3637	2849	7737	3259	2390	1044	1284	4982	3960	2629	2870	0
*	3p	-	16	6879637	4085564	4150333	6133375	21248909	12221	41535	14361	12070	7307	3656	2681	3904	7582	3662	2890	7795	3278	2537	1097	1177	4995	3952	2730	2859	0
*	3p	-	17	6867540	4096664	4140742	6144191	21249137	12127	41749	14482	12605	7843	3689	2831	4046	7068	3786	3313	7720	3181	2373	1119	1247	4838	3963	2639	2870	0
*	3p	-	18	6881509	4082431	4158062	6127277	21249279	12131	41731	14391	11984	7395	3648	2736	4214	6847	3685	2826	7751	3196	2361	1041	1233	4828	3931	2623	2783	0
*	3p	-	19	6869208	4096861	4161457	6121823	21249349	11881	42112	14318	12244	8181	3755	2890	3841	6418	3706	3225	7540	3108	2356	1133	1213	4637	3813	2716	2926	0
*	3p	-	20	6859994	4103487	4168821	6117277	21249579	12027	42872	15245	11773	8832	3688	2606	4921	5975	3652	2628	7665	2905	2446	1092	1286	4627	3819	2606	2808	0
*	3p	-	21	6850586	4109005	4166721	6123341	21249653	11917	43765	14164	11892	8441	3633	2714	3856	4997	3653	2696	8340	2942	2323	1211	1239	4462	3789	2655	2880	0
*	3p	-	22	6866469	4099365	4170301	6113593	21249728	11974	43760	14156	12083	8410	3592	2677	3764	5720	3657	2885	7582	2787	2262	1124	1176	4315	3866	2671	2850	0
*	3p	-	23	6883502	4084774	4168770	6113002	21250048	12095	44578	14454	12263	9623	3464	2659	3815	5712	3598	3217	7759	2677	2174	1115	1235	4141	3729	2684	2830	0
*	3p	-	24	6895121	4083685	4174198	6097389	21250393	12241	45534	14376	12169	10074	3582	2791	3682	5935	3646	3080	7634	2517	2143	1069	1146	3965	3464	2741	2859	0
*	3p	-	25	6889127	4088639	4179976	6092685	21250427	12140	47973	14566	11812	10719	3537	2663	3771	6337	3530	2752	7475	2344	2075	1106	1157	3943	3532	2724	2794	0
*	3p	-	26	6876421	4095289	4186285	6093036	21251031	12165	49649	14916	12580	14482	3643	2714	3653	4809	3612	2908	7923	2280	1969	1063	1164	3560	3465	2603	2748	0
*	3p	-	27	6870417	4106349	4191849	6086579	21255194	12336	53295	15138	12965	16213	3769	2829	3733	4837	3781	2989	7886	2143	1886	1025	1118	2552	2321	1576	1756	0
*	3p	-	28	6864111	4088669	4214128	6090592	21257500	12464	58479	15672	13213	15286	4053	2893	3933	4847	4091	2891	7920	1732	1562	789	810	1955	1773	1048	1100	0
*	3p	-	29	6868016	4057334	4226664	6106735	21258749	12959	71049	16801	13000	17759	4766	3210	4363	5326	5071	2911	8422	1491	1276	684	686	1550	1411	794	849	0
*	3p	-	30	6888623	4067790	4171730	6131160	21259303	14227	137079	19832	14138	18978	7555	3768	5884	5690	7192	3617	9175	1281	1136	556	622	1374	1261	665	685	0
*	3p	-	31	6455302	3819286	3913250	5780776	19968614	13187	139945	18342	12683	17902	6853	3503	5620	5077	6499	2741	8504	1103	988	524	482	1260	1136	546	579	0
*	3p	-	32	6029444	3566493	3661529	5414097	18671563	12107	139803	17087	11384	16794	6285	3020	4908	4517	6049	2393	7695	1026	899	405	478	1044	1044	490	484	0
*	3p	-	33	5622093	3317797	3411803	5052930	17404623	11213	138937	16634	10924	16200	5940	2777	4720	4327	5663	2308	7411	952	811	405	419	954	893	435	449	0
*	3p	-	34	5216259	3078540	3170437	4704231	16169467	10608	136170	15447	9632	15012	5422	2600	4221	3686	5287	2072	6853	840	730	345	383	878	811	374	421	0
*	3p	-	35	4829853	2839868	2933312	4367363	14970396	9761	132060	14595	9315	13576	5168	2546	4103	3733	4954	2118	6207	728	666	284	347	754	722	350	368	0
*	3p	-	36	4448506	2623944	2703731	4038660	13814841	9015	128113	13365	8578	11750	4897	2259	3753	5391	4696	1664	5864	675	608	251	336	706	618	317	334	0
*	3p	-	37	4081051	2422462	2479335	3729579	12712427	8306	122735	11999	7783	10868	4670	2044	3569	3414	4474	1603	5449	616	566	254	282	609	624	237	299	0
*	3p	-	38	3735132	2222617	2277323	3429376	11664448	7734	118086	11356	7139	10984	4254	1888	3292	2804	4148	1549	4919	517	474	237	257	514	539	276	256	0
*	3p	-	39	3412516	2036156	2085998	3143215	10677885	7361	112449	10774	6580	10046	4008	1777	3108	2740	3926	1338	4687	434	421	198	208	472	503	227	265	0
*	3p	-	40	3107271	1860443	1907707	2877645	9753066	6438	106691	10076	6086	9899	3553	1688	2998	2330	3607	1346	4543	400	346	185	182	403	431	219	194	0
*	3p	-	41	2825936	1697263	1743456	2624887	8891542	6128	102192	9433	6197	8863	3628	1671	2749	2356	3442	1439	3976	296	326	155	151	387	355	173	197	0
*	3p	-	42	2566558	1546985	1587302	2390322	8091167	5653	100177	8675	5715	8201	3342	1507	2661	2449	3394	1410	3647	279	272	118	177	304	348	149	192	0
*	3p	-	43	2324337	1399226	1437018	2169531	7330112	5141	92495	7856	4768	7403	3062	1299	2325	1965	3028	980	3327	279	258	138	130	279	292	127	171	0
*	3p	-	44	2102831	1262630	1297440	1966006	6628907	4648	84899	7129	4388	6649	2930	1287	2207	1950	2906	944	2981	265	207	94	108	257	287	133	123	0
*	3p	-	45	1893747	1141707	1171687	1777798	5984939	4155	78037	6447	3950	6077	2649	1107	1965	1508	2601	945	3010	195	197	92	96	222	217	94	116	0
*	3p	-	46	1705390	1029323	1058684	1605132	5398529	3810	71285	5724	3380	5159	2269	1021	1791	1489	2323	742	2498	208	187	97	82	197	196	99	90	0
*	3p	-	47	1535108	927538	951012	1449733	4863391	3509	65162	5173	3107	4642	2085	880	1537	1338	2060	644	2236	184	168	68	96	151	201	80	101	0
*	3p	-	48	1376792	835913	855354	1307476	4375535	2971	59120	4430	2875	3886	1863	857	1466	1257	1937	600	2064	143	131	83	86	147	132	77	94	0
*	3p	-	49	1236200	750598	768635	1177581	3933014	2717	53313	4137	2769	3840	1745	664	1361	1125	1731	562	1823	98	124	63	69	118	133	59	66	0
*	3p	-	50	1107003	675586	692442	1057597	3532628	2425	48577	3603	2315	3103	1517	677	1167	1102	1505	526	1692	107	94	59	68	100	121	64	55	0
*	3p	-	51	989227	607279	625200	948735	3170441	2189	43715	3357	2026	2914	1366	598	1059	863	1335	406	1481	95	94	47	68	84	103	43	59	0
*	3p	-	52	888214	544786	560130	851431	2844561	1921	39217	2962	1883	2465	1219	530	924	812	1189	363	1316	81	105	38	58	93	85	33	55	0
*	3p	-	53	796024	488513	503199	762869	2550605	1753	35390	2559	1589	2288	1085	518	822	712	1075	331	1138	78	75	28	42	61	78	35	49	0
*	3p	-	54	714071	437350	452562	683195	2287178	1503	31868	2360	1484	1951	1008	461	728	678	1045	308	1091	50	74	28	37	72	65	36	30	0
*	3p	-	55	638753	392642	405764	613463	2050622	1420	28518	2131	1346	1814	881	388	650	588	897	305	921	42	57	37	32	61	60	21	41	0
*	3p	-	56	570868	353138	363855	551128	1838989	1230	25528	1842	1192	1594	774	385	579	574	854	268	869	50	57	26	28	41	43	30	36	0
*	3p	-	57	511878	316488	326032	495258	1649656	1173	22803	1635	1093	1427	695	347	485	496	734	242	780	35	37	21	29	35	44	21	18	0
*	3p	-	58	458977	285480	292581	443515	1480553	997	20523	1456	989	1385	649	289	511	427	665	223	717	48	28	16	21	22	33	18	19	0
*	3p	-	59	411198	255373	262432	399789	1328792	877	18638	1370	891	1172	570	275	446	406	551	208	626	28	28	12	26	30	34	20	15	0
*	3p	-	60	368943	230060	236070	357425	1192498	802	16583	1226	765	1028	476	236	388	351	510	194	591	29	26	5	22	24	23	14	15	0
*	3p	-	61	330345	206680	212967	321309	1071301	729	14851	1050	779	976	452	216	321	455	443	187	497	19	29	10	20	30	22	10	14	0
*	3p	-	62	296411	186565	191090	288862	962928	662	13414	1006	672	764	397	177	311	314	413	141	501	23	25	13	17	19	18	8	14	0
*	3p	-	63	266180	168095	172544	259623	866442	588	12390	889	617	808	368	205	269	292	376	136	469	25	23	11	14	16	22	14	7	0
*	3p	-	64	238930	151543	155223	234060	779756	585	11261	780	552	738	339	134	272	247	351	129	394	19	12	13	13	19	19	13	6	0
*	3p	-	65	214838	136874	139212	209718	700642	505	10068	718	458	640	290	169	240	241	286	114	372	12	18	13	5	10	18	9	12	0
*	3p	-	66	192275	122706	126037	188928	629946	458	8881	657	476	610	247	125	213	194	272	96	353	13	11	7	11	16	12	5	5	0
*	3p	-	67	173223	110735	113612	169435	567005	415	7997	584	409	543	239	138	169	197	267	104	330	10	5	6	12	10	8	8	9	0
*	3p	-	68	155394	100105	102032	153283	510814	364	7214	559	354	506	244	116	162	190	233	100	303	15	7	2	8	6	11	3	6	0
*	3p	-	69	139699	90781	92514	137623	460617	323	6335	440	337	440	188	97	160	167	224	75	260	5	5	8	9	12	8	6	3	0
*	3p	-	70	125377	82103	83157	124342	414979	280	5628	391	278	391	173	90	146	137	174	58	238	9	10	6	7	12	4	5	9	0
*	5p	+	1	7266081	4368983	3236322	6412213	21283599	30543	1483341	64968	21308	35942	45932	12430	30006	13253	40836	5463	21255	0	0	0	0	0	0	0	0	32
*	5p	+	2	7017936	3554902	4323673	6386360	21282871	23568	287366	34770	17377	38351	19269	7550	12024	9633	21720	4287	15676	1	1	0	3	310	299	131	156	32
*	5p	+	3	6883285	3847800	4502396	6048083	21281564	15492	168548	24092	15671	26003	8424	4691	6550	7132	8948	3153	9553	207	175	86	74	943	727	377	397	6
*	5p	+	4	6923651	4037685	4363959	5953134	21278429	13379	114615	19696	17169	28858	5130	3329	4412	6166	4987	3265	7624	589	422	306	241	2192	1660	943	932	0
*	5p	+	5	6885393	4105160	4269244	6010960	21270757	12914	87701	17398	13441	15374	4233	2940	3870	5270	4102	3004	7790	1520	1291	788	742	4183	3433	2821	3055	0
*	5p	+	6	6800651	4176252	4235288	6057437	21269628	12537	71799	16491	13940	24149	3852	3026	3625	5461	3629	3288	8468	2010	1553	852	865	4616	3874	3080	3117	0
*	5p	+	7	6927021	4131252	4191941	6019768	21269982	12553	59471	15665	13772	23446	3770	2912	3556	5400	3611	3248	7832	2555	1826	953	975	4781	3699	2866	3016	0
*	5p	+	8	7012520	4095205	4167347	5995158	21270230	12608	51839	14831	13185	18202	3557	2650	3619	5070	3730	3016	7648	2774	1986	935	1038	5026	3599	2687	2828	0
*	5p	+	9	6998791	4109401	4178848	5983127	21270167	12385	46604	14281	12664	16985	3482	2656	3638	4985	3628	3018	7588	2936	2217	1020	1123	4712	3763	2856	2848	0
*	5p	+	10	6941394	4134703	4197587	5996679	21270363	12493	43644	14263	13242	17717	3515	2626	3623	5050	3576	3160	7653	2934	2291	1066	1173	4869	3745	2593	2822	0
*	5p	+	11	6893283	4140390	4196918	6039743	21270334	12286	41863	14192	12761	14928	3544	2703	3626	5053	3673	3098	7638	2997	2300	970	1111	4817	3768	2672	2812	0
*	5p	+	12	6891903	4157025	4177333	6043901	21270162	12197	41901	14052	12562	14529	3708	2629	3557	5193	3561	3049	7691	3253	2377	1020	1164	4890	3737	2764	2851	0
*	5p	+	13	6879904	4142073	4141570	6106618	21270165	12308	41511	14445	12364	11315	3521	2761	3862	5396	3630	2938	7723	3211	2488	1055	1202	4872	3956	2623	2800	0
*	5p	+	14	6866311	4144765	4143489	6115682	21270247	12291	41785	13987	12641	11957	3637	2583	3673	5272	3650	2957	7717	3243	2470	1099	1225	4959	3898	2548	2769	0
*	5p	+	15	6854594	4148526	4132995	6133733	21269848	12024	41917	14000	12184	9282	3603	2711	3981	5102	3646	2923	7571	3313	2519	1072	1164	5020	4072	2739	2744	0
*	5p	+	16	6855838	4151522	4144613	6117895	21269868	12262	42273	13908	12120	9559	3591	2664	3776	5190	3710	2981	7659	3174	2524	1055	1192	5008	4011	2714	2825	0
*	5p	+	17	6869386	4133599	4147319	6119436	21269740	11818	42746	14102	11904	8722	3620	2628	3627	5159	3627	2887	7531	3239	2395	1099	1229	5056	3985	2683	2964	0
*	5p	+	18	6861232	4142290	4145471	6120898	21269891	11998	42748	13906	12244	9909	3657	2607	3616	5116	3625	2878	7628	3221	2466	1114	1203	4921	3960	2730	2930	0
*	5p	+	19	6860510	4122486	4145999	6141122	21270117	11943	43299	14025	11788	9955	3694	2644	3743	5292	3694	2865	7506	3151	2523	1095	1265	4876	3940	2707	2792	0
*	5p	+	20	6870333	4112083	4147155	6140813	21270384	12008	43083	14203	11924	7120	3630	2733	3829	5609	3647	2969	7653	3033	2382	1067	1169	4668	3851	2701	2823	0
*	5p	+	21	6851745	4122957	4148850	6147014	21270566	12060	44020	14082	11963	9841	3747	2553	3816	5513	3637	2928	7652	2882	2308	1081	1204	4537	3862	2681	2774	0
*	5p	+	22	6889613	4097600	4145390	6138118	21270721	11967	43939	14185	11787	8390	3716	2601	3718	5404	3564	2860	7568	2760	2283	1077	1218	4590	3659	2563	2882	0
*	5p	+	23	6910765	4084095	4138134	6138094	21271088	12293	45325	15137	11984	7772	3741	3089	3900	6099	3680	3073	7591	2682	2267	1072	1223	4286	3658	2576	2805	0
*	5p	+	24	6926781	4077045	4143788	6124361	21271975	12297	46365	14171	11953	7409	3684	2602	3901	5512	3665	2981	7678	2467	2191	1135	1196	4049	3454	2371	2564	0
*	5p	+	25	6956296	4053086	4151095	6113683	21274160	12114	47682	14810	11685	6878	3744	2881	4122	5566	3738	2996	7581	2286	1857	974	1064	3383	2892	1840	2131	0
*	5p	+	26	7017010	4017150	4159160	6084173	21277493	12469	49940	15507	11949	8757	3679	2713	4532	7702	3830	2935	8166	1970	1574	776	925	2502	2016	1105	1282	0
*	5p	+	27	7055272	3978686	4176229	6068744	21278931	12730	52925	16035	12273	6451	3917	2855	4827	7626	4153	3185	7887	1665	1418	658	749	1987	1638	836	994	0
*	5p	+	28	7067492	3961669	4203334	6047393	21279888	13093	57795	16360	12197	6588	4150	2723	5235	8154	4419	3192	7962	1536	1309	597	647	1725	1438	620	698	0
*	5p	+	29	7109961	3961715	4190101	6018509	21280286	13204	88382	16930	12252	6267	4311	2873	5470	8129	4567	3300	7821	1298	1187	506	579	1538	1290	575	651	0
*	5p	+	30	7118313	3955130	4165102	6042153	21280698	13699	165480	17719	12551	6795	4740	2953	5491	7901	4950	3194	7806	1178	1108	482	495	1396	1183	509	512	0
*	5p	+	31	6670507	3712598	3903829	5698551	19985485	12722	169120	16898	11213	6615	4354	2696	5108	7569	4083	2875	7163	1133	907	438	475	1274	1091	444	495	0
*	5p	+	32	6223150	3463652	3655183	5346746	18688731	11583	170178	15403	10310	4805	3731	2201	4465	6603	3585	2502	6538	987	864	408	433	1098	915	418	410	0
*	5p	+	33	5787843	3223485	3408494	4997181	17417003	10870	168887	14443	9553	4525	3455	2018	4166	6249	3347	2390	5884	889	823	360	398	1025	867	397	387	0
*	5p	+	34	5361664	2992465	3163452	4661691	16179272	9860	166055	13425	8733	3991	3248	1932	3945	5713	2917	2185	5569	793	760	312	351	901	750	310	375	0
*	5p	+	35	4946738	2774656	2927882	4327053	14976329	9017	161605	12315	8419	3748	2876	1791	3547	5452	2768	1959	5036	722	697	313	328	784	776	301	334	0
*	5p	+	36	4554090	2558452	2702545	4003384	13818471	8524	155852	11673	7672	3637	2582	1569	3382	4888	2547	1834	4874	625	611	247	268	722	625	290	320	0
*	5p	+	37	4176376	2349927	2492982	3693924	12713209	7830	149883	10653	6978	3416	2394	1454	3077	4628	2388	1717	4311	602	547	243	279	644	566	278	284	0
*	5p	+	38	3821063	2159322	2288186	3395005	11663576	7096	142566	10082	6458	4328	2215	1340	2931	4750	2088	1555	4011	519	488	228	238	587	511	234	250	0
*	5p	+	39	3490262	1978009	2094068	3115651	10677990	6675	135459	9316	6026	2858	2146	1313	2647	3917	1942	1415	3683	469	450	178	218	512	462	192	207	0
*	5p	+	40	3176369	1808866	1907239	2861603	9754077	6061	128749	8580	5624	2645	1974	1217	2467	3938	1946	1333	3361	407	403	180	195	459	397	180	197	0
*	5p	+	41	2881939	1654096	1741334	2614143	8891512	5684	123622	7862	4948	2381	1861	1127	2322	3605	1842	1266	3195	408	322	135	180	397	374	157	172	0
*	5p	+	42	2615047	1509292	1581466	2384520	8090325	5106	119844	7380	4639	2287	1913	1066	2244	3388	1796	1125	3005	337	312	126	142	320	332	144	141	0
*	5p	+	43	2364754	1368320	1427877	2167147	7328098	4687	110005	6382	4167	2596	1673	879	1943	2885	1611	1104	2610	332	319	131	113	321	296	132	130	0
*	5p	+	44	2132522	1235519	1292212	1965459	6625712	4357	101709	5922	4116	1779	1493	910	1751	3095	1354	910	2640	282	274	114	119	312	264	119	86	0
*	5p	+	45	1921950	1116035	1168548	1777357	5983890	3962	93144	5570	3321	2089	1310	817	1550	2398	1228	880	2290	227	228	98	117	236	224	117	101	0
*	5p	+	46	1732057	1006239	1054459	1603235	5395990	3313	85371	4951	2989	1413	1189	713	1352	2179	1161	767	2018	201	207	96	98	209	205	90	88	0
*	5p	+	47	1557101	906025	951387	1445382	4859895	3030	77236	4330	3094	1231	1081	678	1277	2526	997	712	2168	195	162	78	92	195	191	65	77	0
*	5p	+	48	1395556	816633	857701	1303102	4372992	2806	70252	4146	2393	1090	1075	672	1091	1760	888	614	1546	183	159	70	92	184	176	81	70	0
*	5p	+	49	1252736	737174	769769	1171207	3930886	2497	63551	3544	2335	1015	864	547	960	2010	805	622	1618	165	151	52	74	162	171	64	51	0
*	5p	+	50	1122700	660892	692537	1054843	3530972	2175	57632	3148	1961	878	741	489	905	1632	703	548	1192	143	122	49	70	148	139	56	59	0
*	5p	+	51	1003600	595219	622743	947888	3169450	1978	51804	2913	1712	747	711	551	841	1376	662	459	1186	122	141	53	51	117	123	63	53	0
*	5p	+	52	899157	534956	556751	852194	2843058	1779	47158	2667	1483	596	654	626	721	1126	609	410	1094	85	115	48	52	93	120	51	40	0
*	5p	+	53	804727	480239	498878	765005	2548849	1532	41960	2341	1337	574	607	348	690	987	536	368	924	90	77	35	41	84	90	46	40	0
*	5p	+	54	721501	430777	447357	685683	2285318	1427	37775	1996	1282	596	503	312	612	1092	510	317	980	82	65	35	41	87	90	30	46	0
*	5p	+	55	644388	386348	402410	615447	2048593	1206	34020	1797	1118	501	527	290	531	966	437	326	741	76	54	28	33	81	64	45	28	0
*	5p	+	56	577960	345786	361422	551635	1836803	1128	30323	1713	1042	433	449	266	491	921	356	253	776	55	60	23	30	74	60	29	30	0
*	5p	+	57	515680	311446	324923	494363	1646412	1082	27182	1475	913	431	404	226	430	797	325	226	599	46	53	30	33	57	44	22	18	0
*	5p	+	58	463600	279325	290847	442705	1476477	895	24407	1340	821	344	362	211	411	771	302	223	547	62	52	23	27	47	52	33	15	0
*	5p	+	59	413956	251316	261630	398063	1324965	783	21663	1240	774	299	334	203	334	651	251	198	531	49	36	23	24	45	47	23	19	0
*	5p	+	60	370590	226701	235516	357283	1190090	811	19527	1110	732	270	250	192	278	711	232	177	471	39	36	15	14	42	37	16	18	0
*	5p	+	61	333710	204178	210649	320656	1069193	647	17757	995	652	232	257	185	319	591	215	148	420	25	32	18	26	47	30	21	12	0
*	5p	+	62	299685	182794	189956	288701	961136	579	15749	841	587	246	216	149	238	528	227	145	403	27	36	17	17	38	31	25	10	0
*	5p	+	63	268500	166139	171189	258754	864582	524	14435	795	510	234	223	146	252	432	179	142	350	24	31	14	13	33	34	12	13	0
*	5p	+	64	242435	149442	153799	232574	778250	474	13302	687	478	218	184	111	198	437	186	120	396	28	26	13	15	28	34	12	11	0
*	5p	+	65	217063	134163	138199	208958	698383	431	11655	621	397	152	181	122	198	331	147	110	237	25	26	5	18	19	26	13	17	0
*	5p	+	66	194188	121069	124790	187801	627848	434	10556	634	338	159	138	114	166	296	132	98	238	29	17	9	20	19	20	8	14	0
*	5p	+	67	175514	108782	111959	168743	564998	360	9048	597	337	145	129	96	168	227	110	90	232	14	19	9	8	17	17	11	11	0
*	5p	+	68	157289	97634	101897	151959	508779	291	8232	539	285	121	106	85	125	233	102	73	210	17	13	8	8	18	27	5	5	0
*	5p	+	69	142344	88423	91661	136350	458778	274	7319	461	259	128	102	74	140	182	101	90	216	11	14	4	10	14	17	6	8	0
*	5p	+	70	127908	79652	83092	123321	413973	259	6704	432	230	83	100	68	110	185	93	52	191	22	12	9	7	14	13	4	11	0
*	5p	-	1	7245533	4349622	3248165	6419046	21262366	30588	1477807	64526	21065	36127	46003	12319	29703	13298	41312	5565	21366	0	0	0	0	0	0	0	0	4
*	5p	-	2	6999492	3542228	4329762	6391123	21262605	23498	286885	34848	17316	38175	18805	7508	12187	9695	21892	4310	16014	2	2	1	0	2	0	0	1	4
*	5p	-	3	6865070	3833090	4510539	6054127	21262826	15491	169205	24455	15517	25857	8424	4733	6515	7179	8881	3266	9513	2	3	2	2	24	14	19	15	4
*	5p	-	4	6908930	4023282	4373362	5957029	21262603	13535	114733	19982	17246	29182	5279	3359	4550	6096	5258	3345	7847	21	15	20	17	122	119	114	111	0
*	5p	-	5	6871340	4089165	4275209	6017489	21253203	12873	88154	17722	13589	15377	4240	3000	3850	5273	4317	3049	7972	695	740	643	617	2315	2441	2513	2733	0
*	5p	-	6	6790231	4159707	4245638	6056629	21252205	12787	71752	16831	14197	24237	3858	2887	3547	5445	3730	3291	8728	861	857	728	753	2591	2724	2805	2955	0
*	5p	-	7	6913181	4114731	4202839	6021267	21252018	12704	59525	15652	13748	23582	3667	2743	3591	5514	3802	3231	8081	978	1014	829	781	2895	2867	2711	2851	0
*	5p	-	8	7001976	4078597	4175214	5996693	21252480	12346	52121	14968	13299	18347	3574	2653	3564	5082	3607	3090	7555	1007	1086	771	783	2980	2743	2527	2649	0
*	5p	-	9	6987994	4093888	4180685	5989413	21251980	12408	46754	14422	12803	17091	3540	2727	3656	4976	3518	3024	7636	1177	1159	881	866	3101	2860	2674	2762	0
*	5p	-	10	6930171	4116599	4208738	5996530	21252038	12368	43570	14284	12755	17964	3609	2622	3604	5074	3757	3026	7819	1363	1262	864	907	3018	3003	2617	2739	0
*	5p	-	11	6882535	4126704	4201739	6040984	21251962	12217	42091	14203	12539	14936	3443	2682	3532	5055	3471	2805	7732	1483	1360	931	978	3127	3027	2619	2694	0
*	5p	-	12	6875340	4141155	4182875	6052281	21251651	12286	41681	14121	12554	14685	3541	2643	3563	4921	3720	2849	7721	1583	1519	945	1105	3230	2982	2737	2838	0
*	5p	-	13	6863586	4121717	4156063	6110208	21251574	12156	42048	14202	12143	11068	3610	2871	3771	5228	3635	2899	7716	1798	1564	1022	1097	3413	3211	2560	2683	0
*	5p	-	14	6855337	4126120	4149320	6120174	21250951	11804	41590	13968	12904	12087	3601	2571	3621	5096	3618	2928	7718	1937	1659	968	1139	3635	3388	2645	2823	0
*	5p	-	15	6838935	4129732	4142883	6139228	21250778	12071	42257	13956	11930	9294	3579	2648	3885	4949	3709	2934	7578	2011	1789	1038	1117	3784	3383	2715	2785	0
*	5p	-	16	6845472	4131301	4153663	6120064	21250500	12023	42446	13976	12368	9439	3720	2623	3712	5132	3649	3012	7554	2265	1884	1044	1148	4056	3421	2607	2858	0
*	5p	-	17	6851481	4114860	4159301	6124611	21250253	12100	42747	13886	12154	8705	3594	2647	3672	5011	3540	2920	7652	2387	1955	1108	1183	4155	3497	2696	2846	0
*	5p	-	18	6844259	4121378	4156082	6128309	21250028	11888	42666	13987	11934	10004	3529	2632	3663	5227	3617	2950	7890	2643	2081	1073	1162	4354	3546	2677	2837	0
*	5p	-	19	6842545	4106553	4155103	6145525	21249726	11943	43111	14046	11587	9937	3798	2692	3718	5309	3659	2896	7827	2825	2095	1076	1215	4489	3733	2647	2852	0
*	5p	-	20	6850639	4094052	4157809	6147227	21249727	12185	43174	14422	11757	7223	3585	2856	3871	5536	3563	2847	7665	2899	2222	1033	1251	4626	3657	2614	2822	0
*	5p	-	21	6839239	4106068	4161415	6142778	21249500	11998	43967	14191	11784	10050	3539	2633	3855	5551	3683	2884	7732	3026	2151	1101	1128	4571	3760	2740	2874	0
*	5p	-	22	6872844	4080747	4155077	6140804	21249472	12038	44428	13981	11609	8381	3629	2635	3713	5156	3667	2889	7745	3045	2213	1119	1229	4765	3831	2648	2727	0
*	5p	-	23	6891937	4068691	4149332	6139613	21249573	12217	45304	15184	11974	7823	3638	3044	3818	5934	3795	3005	7650	3105	2306	1061	1213	4792	3742	2598	2737	0
*	5p	-	24	6904952	4060666	4152196	6131690	21249504	12170	46322	14370	11952	7554	3521	2655	3662	5352	3645	2842	7765	3195	2293	1151	1231	4709	3772	2611	2840	0
*	5p	-	25	6938412	4035391	4157498	6119682	21250983	12289	47646	14593	11584	6934	3678	2787	3892	5442	3754	3001	7805	3023	2278	1068	1148	4527	3489	2090	2341	0
*	5p	-	26	6997175	3995368	4164610	6096179	21253332	12300	49391	15591	12029	8554	3728	2658	4473	7515	3827	2827	8170	3008	2118	925	937	4084	3014	1431	1546	0
*	5p	-	27	7035960	3961324	4183866	6074077	21255227	12474	52342	15962	12080	6298	4025	2814	4730	7747	3969	3025	8088	2788	2031	767	839	3531	2438	1023	1181	0
*	5p	-	28	7053363	3942619	4208326	6051761	21256069	12871	57545	16376	12023	6521	4166	2740	5154	7786	4420	3124	7914	2814	1823	663	738	3310	2213	868	929	0
*	5p	-	29	7089082	3945196	4198551	6024098	21256927	13315	88018	16641	12271	6261	4326	2869	5466	8021	4515	3268	7705	2605	1728	600	695	3052	1916	660	810	0
*	5p	-	30	7098475	3942637	4177107	6039231	21257450	13661	163870	17391	11942	6734	4798	2912	5379	8121	4861	3169	7742	2367	1566	555	607	2841	1801	553	669	0
*	5p	-	31	6653894	3693860	3914460	5704733	19966947	12656	167604	16758	11154	6834	4326	2720	4996	7635	4090	2812	7132	2274	1491	499	585	2485	1603	512	613	0
*	5p	-	32	6208208	3447706	3665706	5348095	18669715	11419	169504	15415	10237	4813	3767	2170	4517	6382	3610	2516	6644	1950	1400	476	500	2368	1516	499	544	0
*	5p	-	33	5770890	3210835	3416898	5004389	17403012	10741	168381	14232	9547	4455	3312	2005	4068	6304	3334	2224	6118	1876	1298	444	496	2158	1305	419	494	0
*	5p	-	34	5345952	2983852	3171195	4666952	16167951	9771	166132	13193	8883	3993	3086	1959	3879	5815	3010	2130	5412	1737	1248	400	428	1974	1261	378	397	0
*	5p	-	35	4934691	2762849	2935292	4335958	14968790	9143	160690	12419	8098	3875	2896	1760	3418	5523	2840	1985	5135	1523	1110	376	430	1798	1219	348	435	0
*	5p	-	36	4542197	2551874	2711373	4007869	13813313	8564	155516	11646	7621	3653	2671	1630	3377	4792	2599	1822	4874	1384	1009	345	353	1691	1156	326	347	0
*	5p	-	37	4166617	2342962	2500080	3701366	12711025	7889	149080	10611	6977	3387	2463	1554	2982	4626	2431	1614	4490	1192	996	304	304	1498	1047	265	351	0
*	5p	-	38	3812826	2149341	2296888	3404024	11663079	7183	142623	9972	6490	4317	2274	1393	2954	4632	2173	1606	4145	1080	847	310	263	1332	957	273	317	0
*	5p	-	39	3482675	1968132	2102465	3123474	10676746	6681	135145	9019	5744	2916	2131	1342	2531	3885	2024	1436	3661	1063	698	246	261	1203	863	246	292	0
*	5p	-	40	3166745	1798833	1918835	2867638	9752051	6175	128325	8609	5711	2586	2037	1200	2309	3864	1964	1344	3526	902	674	212	251	978	775	238	257	0
*	5p	-	41	2875681	1649615	1746178	2619110	8890584	5713	123011	7976	4981	2409	1932	1160	2301	3645	1850	1271	3182	777	653	205	215	973	696	183	228	0
*	5p	-	42	2607886	1505754	1585897	2390842	8090379	5199	119287	7298	4661	2298	1740	1095	2078	3480	1733	1216	3037	686	595	193	188	775	638	164	187	0
*	5p	-	43	2359298	1362020	1434902	2173171	7329391	4624	110528	6652	4243	2560	1588	956	1833	2847	1538	1103	2687	589	526	167	149	656	607	163	170	0
*	5p	-	44	2129738	1231928	1298488	1968137	6628291	4149	101698	6124	4049	1746	1529	905	1709	3065	1482	984	2574	538	472	164	146	597	505	134	184	0
*	5p	-	45	1916836	1112165	1173724	1781540	5984265	3990	93583	5551	3470	2085	1343	818	1418	2421	1290	869	2302	520	398	120	132	563	489	130	138	0
*	5p	-	46	1730822	1001507	1058755	1606826	5397910	3289	85014	4872	3038	1400	1210	685	1349	2186	1162	740	1959	437	380	119	110	520	438	109	134	0
*	5p	-	47	1553928	903232	956182	1449567	4862909	2990	76574	4303	3045	1264	1058	647	1193	2518	1067	706	2196	385	342	107	106	432	377	92	125	0
*	5p	-	48	1391961	812640	862506	1308024	4375131	2710	70102	4177	2415	1093	909	661	1069	1765	963	636	1596	367	293	102	124	362	344	70	92	0
*	5p	-	49	1249889	733237	773146	1176272	3932544	2365	63943	3647	2374	992	844	530	955	2028	823	559	1679	290	279	80	110	326	359	77	97	0
*	5p	-	50	1121055	657038	696768	1057343	3532204	2136	57368	3296	1998	870	760	527	888	1492	753	541	1231	239	290	73	83	301	326	69	94	0
*	5p	-	51	1004004	592409	624314	949343	3170070	2037	52053	2857	1656	724	697	540	822	1336	664	468	1192	247	204	57	65	287	267	50	78	0
*	5p	-	52	896669	531708	560900	854889	2844166	1754	46889	2606	1549	616	648	568	715	1110	582	447	1112	206	202	54	68	267	255	59	83	0
*	5p	-	53	802587	479497	500945	767248	2550277	1537	42210	2281	1371	598	588	374	620	1048	546	365	926	217	188	52	59	216	201	53	83	0
*	5p	-	54	720254	428680	448701	689248	2286883	1394	37690	2051	1337	566	492	304	566	1134	482	339	850	173	184	61	62	193	201	55	62	0
*	5p	-	55	644969	383618	405225	616546	2050358	1274	33778	1909	1122	540	461	301	500	958	415	298	769	144	170	35	35	179	181	41	67	0
*	5p	-	56	575713	345030	363877	554171	1838791	1067	30310	1659	1034	498	343	241	446	923	396	259	722	132	135	37	47	167	130	27	41	0
*	5p	-	57	515734	310176	327252	496292	1649454	974	27373	1467	961	431	361	270	384	747	332	252	692	136	104	37	41	129	128	29	41	0
*	5p	-	58	463393	278776	293319	444897	1480385	940	24357	1367	805	344	330	204	382	707	304	202	565	116	106	37	41	111	105	19	37	0
*	5p	-	59	415404	249971	263874	399396	1328645	804	21718	1231	763	372	284	172	332	683	303	188	560	103	100	23	34	98	105	27	22	0
*	5p	-	60	372073	224689	236310	359264	1192336	687	19489	1055	754	308	250	165	297	754	236	169	456	82	80	17	38	99	79	30	35	0
*	5p	-	61	332725	202704	213184	322547	1071160	602	17623	970	655	276	247	152	280	594	236	170	421	69	61	16	31	90	73	24	27	0
*	5p	-	62	298213	182531	191094	290945	962783	539	15563	845	605	263	194	155	228	506	241	145	402	59	56	13	21	75	83	31	21	0
*	5p	-	63	267943	164988	172096	261300	866327	513	14494	791	502	257	209	134	196	433	186	160	345	62	70	19	21	68	60	27	30	0
*	5p	-	64	241335	148784	155233	234303	779655	480	13282	712	491	234	168	110	197	449	210	125	419	49	48	21	17	63	61	18	24	0
*	5p	-	65	217431	133227	139716	210189	700563	393	11585	709	397	148	157	113	164	318	156	96	293	45	38	8	20	63	41	15	15	0
*	5p	-	66	195266	119497	126096	189030	629889	350	10479	644	385	168	174	97	156	306	133	85	238	36	43	9	12	52	38	13	10	0
*	5p	-	67	175335	107957	113599	170081	566972	368	9299	585	349	160	144	81	154	261	127	86	230	36	32	9	13	33	34	8	13	0
*	5p	-	68	157539	97146	102675	153398	510758	317	8242	536	282	141	119	76	129	244	107	81	218	35	27	9	9	28	36	10	24	0
*	5p	-	69	142169	87416	93304	137685	460574	276	7347	467	278	141	124	77	133	196	92	66	216	28	34	12	9	32	31	8	11	0
*	5p	-	70	127975	79740	83528	123694	414937	229	6565	376	216	130	81	52	82	182	70	68	154	23	28	9	3	34	30	2	16	0
