# table produced by mapDamage version 2.2.1
# using mapped file - and /projects/mjolnir1/people/pzx702/wildebeest/refgenomes/BWD_HiC.chr_Human_fossilMito.fasta as reference file
# Chr: reference from sam/bam header, End: from which termini of DNA sequences, Std: strand of reads
Chr	End	Std	Pos	A	C	G	T	Total	G>A	C>T	A>G	T>C	A>C	A>T	C>G	C>A	T>G	T>A	G>C	G>T	A>-	T>-	C>-	G>-	->A	->T	->C	->G	S
*	3p	+	1	79886	48539	43708	77750	249883	206	19226	352	137	58	141	42	78	64	99	33	97	0	0	0	0	0	0	0	0	0
*	3p	+	2	84773	50410	48284	66423	249890	242	9650	288	165	65	85	50	83	75	68	59	77	0	0	0	0	0	0	0	0	0
*	3p	+	3	83425	44041	52077	70353	249896	192	1843	290	167	44	88	53	198	144	144	83	79	0	0	0	0	0	0	0	0	0
*	3p	+	4	85316	43349	50367	70867	249899	159	1310	250	155	67	91	47	111	72	75	30	107	0	0	0	0	0	0	0	2	0
*	3p	+	5	84683	43950	49922	71342	249897	172	1001	207	184	55	51	37	64	69	58	46	92	0	0	0	1	4	1	0	1	0
*	3p	+	6	84510	45056	49454	70822	249842	152	817	196	115	41	56	34	50	53	68	35	106	2	0	1	1	16	16	16	15	0
*	3p	+	7	82987	46612	48444	71756	249799	121	660	158	151	53	58	36	41	62	43	29	80	4	10	7	8	27	25	27	26	0
*	3p	+	8	82770	46816	48670	71536	249792	145	663	170	132	50	40	42	48	52	49	35	75	8	12	8	14	25	31	31	28	0
*	3p	+	9	81087	47766	49062	71861	249776	134	628	171	142	53	55	30	48	53	51	38	88	14	13	11	8	40	28	33	32	0
*	3p	+	10	81030	48081	48572	72079	249762	139	581	158	121	41	37	45	61	50	48	33	91	9	11	12	9	43	42	33	29	0
*	3p	+	11	80264	48495	48905	72107	249771	146	522	170	125	48	36	35	51	40	47	46	94	16	15	7	10	41	42	22	33	0
*	3p	+	12	80909	48054	48654	72130	249747	155	493	146	147	54	53	48	40	43	46	32	85	15	18	6	4	38	42	49	33	0
*	3p	+	13	80396	48286	48441	72658	249781	160	522	148	113	50	46	27	44	56	31	31	89	9	16	14	11	40	27	26	35	0
*	3p	+	14	80433	48122	49483	71722	249760	166	510	164	136	49	44	34	53	44	45	35	87	29	14	13	17	52	44	24	29	0
*	3p	+	15	81304	47799	48738	71913	249754	154	508	189	139	53	54	45	46	51	33	45	97	24	25	12	11	43	40	25	47	0
*	3p	+	16	80306	48688	48627	72147	249768	139	514	146	116	57	44	37	41	44	48	32	86	38	29	12	15	45	41	32	23	0
*	3p	+	17	80202	48471	48785	72286	249744	140	496	187	145	49	41	34	58	45	43	38	80	28	30	14	7	57	43	28	37	0
*	3p	+	18	80650	48231	48640	72230	249751	141	491	154	134	51	43	35	42	48	37	29	89	41	21	15	16	52	32	37	37	0
*	3p	+	19	80860	48599	48497	71779	249735	148	520	169	147	40	40	40	34	46	43	43	89	30	28	19	6	61	56	21	36	0
*	3p	+	20	80052	48763	48681	72250	249746	120	534	156	134	63	48	34	42	51	47	28	90	33	24	10	19	63	46	33	21	0
*	3p	+	21	80627	48290	48695	72150	249762	144	514	158	115	55	50	33	45	52	43	31	66	34	24	16	9	53	35	27	32	0
*	3p	+	22	80710	48493	48469	72065	249737	130	565	159	123	39	38	29	40	31	41	35	72	39	33	11	12	65	41	34	32	0
*	3p	+	23	80750	48252	48297	72430	249729	162	593	167	131	36	39	30	35	43	37	44	87	33	33	13	16	70	39	41	30	0
*	3p	+	24	80968	48096	48683	72015	249762	140	556	179	138	41	45	36	45	56	42	39	82	45	30	12	13	42	46	24	35	0
*	3p	+	25	81273	47906	48789	71777	249745	136	576	151	132	68	35	29	47	54	43	33	75	36	23	17	17	57	41	40	26	0
*	3p	+	26	81259	47626	48762	72096	249743	151	579	175	130	52	45	38	46	50	47	48	93	42	28	6	16	54	48	24	39	0
*	3p	+	27	80795	48316	49047	71608	249766	145	682	161	138	60	45	33	44	44	34	28	78	40	26	16	6	46	42	27	26	0
*	3p	+	28	80663	47970	49091	72070	249794	135	735	164	128	74	45	37	54	49	43	37	104	32	23	10	20	47	40	17	9	0
*	3p	+	29	80385	47387	49383	72666	249821	158	848	169	142	64	61	38	52	48	66	27	90	28	29	10	10	39	31	5	10	0
*	3p	+	30	80850	47870	48563	72542	249825	170	1628	215	137	78	73	35	61	54	80	30	87	36	20	6	13	39	22	14	4	0
*	3p	+	31	76120	44722	46178	68516	235536	158	1657	225	117	53	62	32	66	50	62	30	95	35	15	8	13	37	27	8	5	0
*	3p	+	32	71152	42000	43873	64343	221368	132	1610	196	102	50	55	44	48	39	53	44	88	27	19	4	3	29	28	6	6	0
*	3p	+	33	66782	39457	40589	60419	207247	116	1645	150	118	38	70	29	71	31	70	17	86	20	17	6	6	21	17	6	6	0
*	3p	+	34	62308	36727	37942	56362	193339	120	1594	174	121	39	62	37	64	41	62	12	74	29	13	7	5	18	19	7	5	0
*	3p	+	35	57633	34246	35201	52769	179849	125	1631	184	93	57	59	26	44	37	53	17	68	21	10	5	4	22	14	10	4	0
*	3p	+	36	54038	31177	32415	49370	167000	107	1544	147	83	48	55	19	38	41	44	17	77	14	12	2	4	15	17	8	5	0
*	3p	+	37	49468	29335	30400	45434	154637	111	1494	143	72	39	41	25	37	32	57	25	65	16	11	3	5	13	12	3	7	0
*	3p	+	38	45703	26940	27645	42421	142709	97	1435	122	83	34	39	20	28	29	38	20	65	14	13	2	0	11	10	3	6	0
*	3p	+	39	41929	25144	25504	38847	131424	79	1398	105	74	43	39	17	32	29	46	17	46	12	9	4	5	16	4	1	4	0
*	3p	+	40	38241	23060	23301	35906	120508	68	1364	116	65	25	48	17	39	33	29	15	48	6	11	3	0	9	10	4	1	0
*	3p	+	41	35199	21042	21451	32660	110352	59	1257	139	57	29	31	24	27	20	44	12	45	11	10	2	5	5	12	6	4	0
*	3p	+	42	32208	19263	19642	29851	100964	70	1175	111	56	30	45	16	33	21	31	15	46	9	7	9	4	5	10	1	2	0
*	3p	+	43	29270	17418	18129	27172	91989	61	1165	104	45	31	34	16	22	22	37	14	36	10	12	1	4	7	6	1	1	0
*	3p	+	44	26397	15857	16466	24950	83670	62	1051	82	45	20	27	13	27	14	33	12	34	4	9	4	2	6	9	0	2	0
*	3p	+	45	24093	14388	14862	22698	76041	47	1021	77	41	20	33	17	24	24	29	6	21	5	5	1	2	3	7	1	2	0
*	3p	+	46	21847	13052	13358	20674	68931	49	891	57	45	21	16	16	24	17	27	10	41	6	5	1	2	3	5	1	4	0
*	3p	+	47	19611	11904	12345	18641	62501	35	848	55	30	18	15	15	12	18	23	7	23	2	7	0	0	7	2	1	1	0
*	3p	+	48	17899	10720	10971	17038	56628	42	781	55	33	11	27	10	14	14	28	5	24	4	5	0	0	5	2	2	1	0
*	3p	+	49	16033	9763	10095	15330	51221	44	691	44	20	15	22	10	21	16	14	7	18	2	3	1	1	3	5	2	2	0
*	3p	+	50	14376	8836	9037	14011	46260	33	634	34	27	7	18	12	7	12	17	5	17	1	2	0	1	3	1	1	0	0
*	3p	+	51	13119	8009	8125	12520	41773	25	599	33	21	6	16	3	16	6	20	7	19	0	0	2	1	5	2	2	0	0
*	3p	+	52	11705	7113	7372	11465	37655	22	501	37	20	4	15	3	14	10	17	3	11	1	1	1	1	2	6	0	1	0
*	3p	+	53	10702	6426	6754	10152	34034	17	460	41	20	10	20	12	10	9	16	6	14	4	2	1	1	4	3	0	1	0
*	3p	+	54	9603	5809	6091	9231	30734	24	393	29	11	6	17	4	6	8	8	5	10	2	1	0	0	2	3	2	1	0
*	3p	+	55	8543	5272	5508	8376	27699	23	379	27	6	2	9	6	8	7	11	3	13	0	2	1	1	1	2	2	0	0
*	3p	+	56	7813	4751	4942	7453	24959	19	351	23	15	7	15	1	5	7	8	4	3	2	0	0	0	1	6	0	0	0
*	3p	+	57	6981	4277	4436	6801	22495	14	306	26	11	3	8	6	5	7	9	2	16	3	1	0	0	2	0	0	0	0
*	3p	+	58	6304	3860	4022	6089	20275	10	282	19	8	2	11	3	7	5	7	1	12	1	0	1	1	1	1	2	1	0
*	3p	+	59	5728	3504	3567	5455	18254	6	253	20	18	4	3	4	4	6	4	2	8	0	0	2	0	0	0	1	0	0
*	3p	+	60	5068	3209	3250	4963	16490	6	231	19	10	5	10	5	2	3	3	1	6	1	0	1	1	0	0	0	1	0
*	3p	+	61	4530	2869	2956	4504	14859	13	205	16	4	2	3	6	3	3	5	1	4	0	0	0	0	0	1	0	0	0
*	3p	+	62	4107	2580	2614	4092	13393	10	177	12	8	7	4	3	5	5	2	3	9	0	0	0	0	0	2	0	0	0
*	3p	+	63	3782	2320	2347	3690	12139	8	182	12	9	4	6	1	6	6	5	1	9	0	1	0	1	1	1	0	0	0
*	3p	+	64	3387	2156	2179	3284	11006	7	157	11	3	1	2	1	3	3	5	1	5	2	0	0	0	1	1	0	0	0
*	3p	+	65	3039	1982	1960	3014	9995	1	143	10	10	3	3	0	3	4	1	2	4	0	2	0	0	1	0	1	0	0
*	3p	+	66	2854	1744	1725	2699	9022	3	114	3	7	4	5	4	6	1	2	0	2	0	0	0	0	0	1	0	0	0
*	3p	+	67	2481	1683	1585	2435	8184	4	106	9	2	4	1	2	2	2	3	1	3	0	0	0	0	1	0	0	0	0
*	3p	+	68	2336	1397	1488	2228	7449	7	110	8	3	1	1	0	2	0	4	0	5	0	0	0	0	0	1	0	0	0
*	3p	+	69	2100	1366	1340	1937	6743	5	96	6	4	2	5	1	1	0	0	1	2	0	0	0	0	1	1	0	0	0
*	3p	+	70	1812	1222	1227	1852	6113	2	89	11	2	3	5	0	1	0	1	1	2	0	0	0	0	0	1	0	0	0
*	3p	-	1	80099	48001	44205	78275	250580	205	19112	344	123	51	141	29	63	51	107	49	97	0	0	0	0	0	0	0	0	1
*	3p	-	2	85343	49798	48378	67060	250579	239	9385	292	171	65	88	54	92	66	87	65	82	0	0	0	0	1	1	2	1	1
*	3p	-	3	83674	43728	52591	70575	250568	217	1888	281	185	72	77	50	188	137	148	93	104	1	0	0	0	19	2	0	0	0
*	3p	-	4	85042	43152	50624	71728	250546	165	1286	214	151	59	106	45	108	71	101	55	93	2	1	0	1	24	7	4	9	0
*	3p	-	5	84326	43848	50367	71974	250515	173	1030	186	191	56	63	35	63	64	51	39	95	9	5	2	1	39	18	9	9	0
*	3p	-	6	84692	44664	49895	71221	250472	140	829	177	124	50	39	44	39	45	58	49	88	22	18	4	4	53	37	10	19	0
*	3p	-	7	82654	46517	49397	71863	250431	122	716	186	145	60	39	37	53	45	42	34	89	25	17	8	6	54	44	30	33	0
*	3p	-	8	82766	46845	49130	71668	250409	142	634	182	121	37	48	35	47	45	49	37	101	40	26	7	10	56	49	37	41	0
*	3p	-	9	81284	47495	49421	72233	250433	137	550	147	139	50	60	30	43	34	47	31	82	37	22	6	13	67	43	22	28	0
*	3p	-	10	81168	47970	48838	72471	250447	151	544	148	134	47	48	38	47	40	49	37	88	39	22	7	10	48	50	25	23	0
*	3p	-	11	80408	48086	49287	72640	250421	149	537	168	140	43	42	35	46	55	42	32	97	31	31	9	11	54	55	35	28	0
*	3p	-	12	80692	47896	49280	72569	250437	140	555	151	120	46	47	37	49	47	34	38	90	31	24	9	10	56	50	28	23	0
*	3p	-	13	80776	48044	48620	72961	250401	137	494	170	128	64	39	29	41	37	45	34	83	54	37	10	14	62	61	36	34	0
*	3p	-	14	81130	48168	49141	71986	250425	140	474	160	148	50	39	30	53	40	44	28	98	43	17	15	16	57	50	25	37	0
*	3p	-	15	80762	48221	49044	72412	250439	153	481	121	141	48	48	29	44	47	46	37	67	48	22	9	17	59	52	21	23	0
*	3p	-	16	80572	48184	48739	72949	250444	145	495	144	130	63	37	36	40	51	48	37	101	41	21	13	15	40	47	28	35	0
*	3p	-	17	80603	48109	48721	73000	250433	143	495	141	130	50	41	27	45	42	42	32	108	40	25	13	13	50	52	30	29	0
*	3p	-	18	80604	48190	49074	72558	250426	154	511	156	123	42	40	35	45	54	43	44	82	37	27	11	16	57	46	34	31	0
*	3p	-	19	80715	48271	48942	72486	250414	148	494	157	129	56	41	27	46	51	42	38	103	50	30	12	16	70	40	36	34	0
*	3p	-	20	81012	48011	48763	72644	250430	133	518	142	138	57	49	32	40	44	45	31	80	36	37	15	13	52	42	39	31	0
*	3p	-	21	80113	48842	48995	72478	250428	134	545	161	134	62	49	34	39	44	59	48	80	32	33	15	20	58	52	28	28	0
*	3p	-	22	80092	48482	49214	72638	250426	124	519	166	163	48	49	31	37	52	49	34	94	30	29	13	11	46	44	36	42	0
*	3p	-	23	80840	48211	48945	72454	250450	149	572	169	145	83	47	25	42	51	38	49	103	29	33	14	15	46	34	30	34	0
*	3p	-	24	80892	48288	49064	72184	250428	162	582	178	136	60	37	41	47	50	43	36	85	34	35	15	19	48	52	28	38	0
*	3p	-	25	80897	47749	49578	72220	250444	126	557	176	130	52	42	38	39	45	59	40	90	37	30	4	17	53	33	28	36	0
*	3p	-	26	80583	48005	49352	72503	250443	132	580	184	128	57	39	32	46	39	43	38	95	32	23	11	8	36	38	39	38	0
*	3p	-	27	80872	47885	49439	72299	250495	128	650	151	119	44	54	37	38	42	65	32	94	24	15	13	20	32	32	17	17	0
*	3p	-	28	80673	47989	49779	72072	250513	138	705	155	139	43	47	36	49	45	46	40	81	19	26	8	11	26	30	11	12	0
*	3p	-	29	80507	47762	50011	72256	250536	130	883	190	129	52	52	42	57	46	63	32	97	18	13	5	9	23	8	11	14	0
*	3p	-	30	80691	47520	49357	72986	250554	192	1555	223	147	61	85	61	73	46	72	43	76	21	17	7	8	16	11	6	5	0
*	3p	-	31	76347	44522	46402	68970	236241	134	1602	214	115	65	68	41	59	46	80	35	84	26	20	3	5	16	15	6	10	0
*	3p	-	32	70836	42114	43822	64841	221613	139	1661	196	107	48	58	33	51	40	56	27	98	20	14	7	5	20	15	6	6	0
*	3p	-	33	66900	38994	40512	61089	207495	128	1673	181	112	46	61	39	67	39	54	24	84	7	13	7	5	12	8	7	5	0
*	3p	-	34	62102	36620	38031	56813	193566	141	1597	152	95	39	53	24	60	38	65	15	74	10	10	8	4	12	10	9	3	0
*	3p	-	35	58029	33934	35300	52901	180164	93	1601	161	103	37	57	35	46	34	57	20	66	9	9	5	3	11	11	6	5	0
*	3p	-	36	53590	31677	32692	49029	166988	101	1553	154	92	31	50	28	53	24	44	19	58	5	5	5	2	10	11	5	7	0
*	3p	-	37	49121	29180	30154	45845	154300	105	1509	141	74	39	49	25	31	40	56	24	66	3	8	5	5	7	13	6	8	0
*	3p	-	38	45399	26796	27610	42693	142498	92	1387	129	83	52	46	16	34	28	54	19	52	6	6	2	1	5	8	6	2	0
*	3p	-	39	41886	24630	25544	38933	130993	83	1362	118	73	24	49	21	40	28	35	20	49	2	2	4	3	3	8	3	4	0
*	3p	-	40	38239	22641	23382	36038	120300	76	1317	97	67	23	32	15	46	26	41	16	62	3	5	3	3	5	1	3	3	0
*	3p	-	41	35020	20850	21673	32775	110318	75	1232	111	57	28	40	18	39	19	36	11	49	3	7	4	1	5	6	1	0	0
*	3p	-	42	32007	18933	19840	30168	100948	58	1221	85	66	34	39	18	38	23	53	14	40	6	3	2	1	5	4	1	0	0
*	3p	-	43	29434	17217	18072	27133	91856	62	1138	84	39	22	29	14	26	17	32	11	31	8	1	3	2	0	3	1	1	0
*	3p	-	44	26399	15570	16433	25176	83578	48	1041	74	40	16	35	16	18	20	36	8	31	5	3	3	1	2	5	2	1	0
*	3p	-	45	23927	14470	14953	22539	75889	60	1009	90	40	20	24	19	15	18	23	10	45	6	2	2	4	1	4	1	3	0
*	3p	-	46	21485	13103	13503	20731	68822	37	880	48	31	13	32	10	22	23	24	10	37	4	2	1	0	2	1	1	4	0
*	3p	-	47	19499	11626	12350	18905	62380	41	809	57	37	13	26	17	26	11	20	11	27	2	3	1	0	3	3	2	1	0
*	3p	-	48	17764	10410	11118	17064	56356	52	756	46	30	16	30	12	16	15	20	8	22	0	1	2	2	4	1	1	2	0
*	3p	-	49	16066	9532	9920	15454	50972	39	689	56	25	14	22	4	23	10	19	8	26	0	1	0	0	0	2	2	1	0
*	3p	-	50	14664	8639	9059	13722	46084	33	625	39	22	13	21	8	11	16	10	8	19	0	2	1	1	2	4	0	1	0
*	3p	-	51	12980	7843	8266	12543	41632	22	583	51	35	11	11	16	17	10	29	7	21	0	0	1	1	2	2	1	0	0
*	3p	-	52	11734	7049	7384	11324	37491	34	521	35	22	17	11	5	15	12	10	6	14	1	0	0	0	1	3	1	1	0
*	3p	-	53	10409	6472	6699	10257	33837	17	468	36	10	12	10	5	14	4	15	3	17	0	0	1	1	2	2	1	2	0
*	3p	-	54	9546	5571	6006	9376	30499	20	380	31	16	9	12	5	9	8	15	5	7	1	0	0	0	0	0	2	0	0
*	3p	-	55	8531	5192	5351	8441	27515	10	379	27	14	10	6	4	7	6	18	0	7	2	0	0	0	3	0	3	0	0
*	3p	-	56	7768	4677	4892	7501	24838	21	330	30	10	2	4	3	5	8	7	3	9	0	1	1	0	2	1	0	0	0
*	3p	-	57	6984	4215	4363	6835	22397	11	295	22	7	5	11	6	13	7	8	1	15	0	0	0	0	0	0	0	0	0
*	3p	-	58	6293	3887	3985	6168	20333	16	283	21	13	9	6	7	3	5	4	3	13	0	0	0	0	0	0	0	0	0
*	3p	-	59	5763	3508	3581	5489	18341	15	264	19	12	4	10	3	6	9	6	2	4	0	0	0	0	0	1	0	1	0
*	3p	-	60	5080	3160	3281	5068	16589	14	218	16	7	6	3	6	4	4	7	1	12	1	0	0	0	0	2	0	2	0
*	3p	-	61	4588	2943	2910	4558	14999	17	205	16	3	4	8	4	5	7	7	2	9	2	0	0	0	1	2	0	0	0
*	3p	-	62	4193	2541	2704	4100	13538	7	178	12	5	3	9	1	2	1	3	1	4	0	0	0	0	3	0	0	0	0
*	3p	-	63	3845	2318	2404	3716	12283	3	154	12	4	2	4	1	3	5	3	1	4	1	0	0	0	0	0	0	1	0
*	3p	-	64	3509	2088	2211	3369	11177	6	166	7	5	2	6	2	4	2	2	1	7	0	0	0	0	0	0	0	0	0
*	3p	-	65	3041	1986	2040	3049	10116	9	135	10	8	2	8	3	3	2	4	0	2	0	0	0	0	0	0	0	0	0
*	3p	-	66	2815	1734	1824	2768	9141	6	119	4	7	2	4	4	2	1	6	1	4	0	1	0	0	0	0	0	1	0
*	3p	-	67	2593	1634	1581	2483	8291	3	103	10	5	0	2	1	4	0	2	2	9	0	0	0	0	0	0	0	0	0
*	3p	-	68	2303	1460	1523	2185	7471	2	109	5	2	3	3	2	4	3	2	3	1	0	0	0	0	0	0	0	1	0
*	3p	-	69	2153	1241	1348	2039	6781	7	76	1	9	3	3	0	1	0	5	0	2	0	0	0	0	1	0	0	0	0
*	3p	-	70	1827	1243	1230	1875	6175	5	83	8	3	1	0	2	1	1	4	1	3	0	1	0	0	0	1	1	0	0
*	5p	+	1	84814	50613	37906	76556	249889	314	18034	652	227	219	467	104	354	148	384	61	236	0	0	0	0	0	0	0	0	0
*	5p	+	2	82435	40671	51366	75411	249883	283	3511	426	172	109	205	99	142	115	219	39	177	0	0	0	0	3	6	1	0	0
*	5p	+	3	81257	44100	53144	71365	249866	157	2116	267	121	62	92	60	73	61	104	41	95	3	1	0	0	17	12	4	3	0
*	5p	+	4	81520	46419	51403	70486	249828	179	1452	209	131	69	74	52	51	56	69	26	84	6	8	3	4	29	27	13	7	0
*	5p	+	5	80566	47366	49961	71871	249764	158	1052	222	118	50	50	52	45	59	51	39	87	17	17	14	11	37	34	36	32	0
*	5p	+	6	79724	48396	49813	71821	249754	158	945	162	139	59	46	41	41	45	44	52	88	31	16	12	7	47	43	40	22	0
*	5p	+	7	80908	47987	49081	71771	249747	152	731	188	121	47	46	26	36	42	46	28	92	35	19	7	8	56	45	25	33	0
*	5p	+	8	82175	47601	48805	71178	249759	156	671	171	143	43	37	37	42	43	35	28	81	29	25	12	13	47	40	29	31	0
*	5p	+	9	82136	47843	48656	71119	249754	144	609	179	137	65	39	27	40	46	40	33	85	44	20	13	11	52	31	38	32	0
*	5p	+	10	81293	48236	49182	71042	249753	168	557	193	126	46	41	24	35	59	48	43	80	41	21	14	14	53	40	32	30	0
*	5p	+	11	81284	48336	48898	71222	249740	152	515	163	137	79	40	33	40	43	61	28	68	42	27	17	10	59	52	29	28	0
*	5p	+	12	81056	48602	48791	71307	249756	132	524	142	137	46	51	34	47	46	44	42	88	35	19	8	20	57	40	32	24	0
*	5p	+	13	80981	48163	48538	72087	249769	141	512	161	146	59	31	35	37	52	41	34	85	29	28	7	18	45	35	31	29	0
*	5p	+	14	80227	48675	48608	72233	249743	146	521	179	151	67	51	36	36	39	45	31	77	39	32	12	14	69	46	24	27	0
*	5p	+	15	80123	49009	48258	72336	249726	136	505	152	142	54	33	28	39	48	39	33	93	38	29	11	16	61	50	36	36	0
*	5p	+	16	80611	48896	48371	71860	249738	144	521	152	103	48	48	34	43	45	44	37	77	48	34	13	12	59	47	27	38	0
*	5p	+	17	80134	48861	48740	72030	249765	142	543	164	129	53	31	35	39	49	46	29	97	34	27	11	10	53	37	22	32	0
*	5p	+	18	80475	48579	48691	71983	249728	148	508	182	119	47	37	47	45	38	49	27	71	45	27	13	15	67	45	33	36	0
*	5p	+	19	80558	48636	48552	72010	249756	153	522	168	144	48	46	41	43	50	49	25	81	38	36	19	14	52	39	32	30	0
*	5p	+	20	80667	48535	48526	72007	249735	124	522	138	125	42	41	39	51	49	48	22	92	36	31	13	11	49	42	38	45	0
*	5p	+	21	79843	48631	48467	72792	249733	157	560	142	127	47	35	35	43	53	36	27	81	33	32	11	9	62	53	27	34	0
*	5p	+	22	80710	48154	48882	71988	249734	145	527	150	125	45	45	28	44	52	35	34	84	26	22	10	11	57	55	30	33	0
*	5p	+	23	80763	48017	48654	72323	249757	137	555	165	146	43	33	25	44	69	40	40	99	30	25	15	13	40	43	37	32	0
*	5p	+	24	81008	48302	48545	71906	249761	149	583	160	134	34	52	31	53	61	46	33	77	18	29	8	10	50	38	26	33	0
*	5p	+	25	81103	47833	48672	72176	249784	124	606	152	131	52	41	35	36	46	45	33	93	25	30	7	13	38	46	18	21	0
*	5p	+	26	81373	47649	48611	72176	249809	147	619	190	142	41	52	34	47	48	51	47	86	16	19	5	14	31	27	30	11	0
*	5p	+	27	82119	47034	49046	71638	249837	139	648	190	136	54	48	35	61	48	47	34	99	30	14	10	8	27	22	13	9	0
*	5p	+	28	82174	46642	49307	71720	249843	138	678	193	148	50	62	30	64	52	50	42	93	20	20	11	5	25	23	7	9	0
*	5p	+	29	81934	47039	49138	71744	249855	151	1061	206	151	53	48	34	60	60	50	55	71	14	19	7	8	15	20	6	10	0
*	5p	+	30	82072	47245	49028	71524	249869	138	1926	194	137	51	51	32	67	72	62	48	99	16	8	5	5	13	16	4	3	0
*	5p	+	31	77772	44256	45966	67579	235573	151	1976	193	124	53	57	35	61	53	67	30	91	13	15	10	6	17	12	4	6	0
*	5p	+	32	72572	41705	43152	63973	221402	124	2116	167	100	48	41	39	50	42	40	27	80	20	15	3	5	15	8	8	7	0
*	5p	+	33	68093	39070	40294	59803	207260	106	2068	157	108	37	39	42	45	47	34	27	78	11	9	7	6	15	12	2	7	0
*	5p	+	34	62843	36353	38014	56149	193359	106	1985	138	95	27	47	27	42	31	29	28	68	9	10	4	1	10	7	4	8	0
*	5p	+	35	58539	33706	35360	52261	179866	108	1895	150	96	30	46	19	46	33	35	22	55	8	5	4	5	13	13	3	4	0
*	5p	+	36	54059	31231	32815	48908	167013	84	1854	119	95	26	27	22	45	30	28	28	54	12	5	3	6	15	10	2	6	0
*	5p	+	37	49952	29136	30285	45280	154653	92	1804	133	87	31	30	25	39	24	26	19	33	8	7	1	2	5	7	5	3	0
*	5p	+	38	46204	26886	27818	41808	142716	79	1698	95	61	34	45	17	34	26	30	23	46	9	2	3	2	7	12	1	4	0
*	5p	+	39	42592	24583	25627	38632	131434	76	1715	103	65	23	21	23	35	40	33	19	47	7	3	3	0	3	7	2	2	0
*	5p	+	40	38787	22502	23408	35818	120515	64	1575	94	83	19	23	24	28	13	17	23	38	1	5	2	5	4	5	3	4	0
*	5p	+	41	35149	20904	21714	32596	110363	63	1545	106	58	19	24	11	39	26	20	15	32	3	6	2	1	6	5	2	3	0
*	5p	+	42	32195	19163	19894	29722	100974	66	1488	92	52	18	21	10	24	16	25	17	43	2	2	2	3	6	2	2	0	0
*	5p	+	43	29200	17473	17919	27403	91995	77	1382	67	45	29	35	15	12	12	22	12	31	3	1	0	1	4	3	1	3	0
*	5p	+	44	26608	15915	16273	24885	83681	60	1255	70	30	16	17	12	18	19	23	7	26	0	2	2	0	2	1	3	2	0
*	5p	+	45	24060	14460	14724	22801	76045	40	1115	50	49	11	11	12	27	26	16	8	24	0	1	3	1	3	3	1	2	0
*	5p	+	46	21848	12963	13555	20573	68939	48	1075	51	29	15	9	10	21	13	19	11	24	0	0	1	2	4	1	1	0	0
*	5p	+	47	19673	11874	12240	18721	62508	43	950	51	40	8	7	10	15	14	11	6	14	0	1	1	0	2	1	2	1	0
*	5p	+	48	17767	10732	11080	17052	56631	38	860	31	28	10	12	6	17	12	11	7	23	0	0	1	2	1	4	0	1	0
*	5p	+	49	16044	9787	10040	15358	51229	32	824	40	22	10	9	9	15	6	11	6	13	1	2	1	0	1	1	0	0	0
*	5p	+	50	14472	9014	8861	13911	46258	32	802	41	28	8	20	5	12	9	7	7	17	0	2	1	0	1	2	1	2	0
*	5p	+	51	13079	7804	8288	12603	41774	27	617	27	17	8	13	6	7	8	8	8	17	0	1	0	1	2	2	0	2	0
*	5p	+	52	11796	7049	7422	11392	37659	26	621	24	22	7	11	4	7	6	5	2	11	0	0	3	2	1	2	1	0	0
*	5p	+	53	10620	6517	6584	10315	34036	14	539	26	21	5	12	1	12	11	5	5	12	2	0	0	1	2	2	1	1	0
*	5p	+	54	9424	6058	5971	9285	30738	26	532	25	20	7	7	2	7	9	5	4	6	1	1	1	0	2	0	2	0	0
*	5p	+	55	8661	5231	5479	8330	27701	19	513	32	14	5	2	3	7	6	4	4	20	1	0	1	1	2	1	0	0	0
*	5p	+	56	7717	4861	4857	7528	24963	11	454	15	9	7	6	2	3	6	5	4	13	0	1	0	0	2	0	0	0	0
*	5p	+	57	7026	4324	4472	6672	22494	12	373	22	13	7	7	3	6	5	3	4	5	0	0	0	0	1	1	0	0	0
*	5p	+	58	6274	3836	4051	6115	20276	17	315	25	9	4	3	2	3	5	2	3	8	0	0	0	2	0	2	0	0	0
*	5p	+	59	5695	3491	3660	5404	18250	11	291	16	11	1	5	4	2	4	2	4	9	1	0	2	1	3	0	0	0	0
*	5p	+	60	5098	3134	3305	4949	16486	9	275	15	8	3	1	3	8	6	1	1	11	1	0	0	0	0	3	0	0	0
*	5p	+	61	4638	2800	2984	4435	14857	12	235	9	12	5	2	0	6	4	2	0	4	0	0	0	0	0	1	0	1	0
*	5p	+	62	4044	2557	2810	3981	13392	11	217	15	6	0	3	3	2	3	4	0	3	1	0	0	0	0	1	0	0	0
*	5p	+	63	3744	2330	2379	3683	12136	2	196	20	6	3	4	0	2	4	4	5	2	0	3	0	1	1	1	0	1	0
*	5p	+	64	3329	2195	2199	3284	11007	5	197	10	2	1	1	1	3	4	5	2	1	0	1	0	0	0	0	0	0	0
*	5p	+	65	3059	1893	1952	3092	9996	12	161	10	4	0	1	0	2	1	2	0	4	0	0	0	0	0	0	0	0	0
*	5p	+	66	2744	1721	1863	2695	9023	8	158	12	5	1	2	1	2	1	2	0	5	0	0	0	0	0	0	1	0	0
*	5p	+	67	2532	1564	1657	2431	8184	3	130	5	5	1	1	0	0	2	1	2	4	0	0	0	0	0	1	0	0	0
*	5p	+	68	2314	1396	1481	2258	7449	8	120	3	3	0	0	2	1	0	1	1	1	0	1	0	0	0	0	0	0	0
*	5p	+	69	2130	1332	1316	1966	6744	4	111	7	5	5	1	0	1	0	1	0	3	0	0	0	1	1	0	0	0	0
*	5p	+	70	1872	1141	1248	1852	6113	5	72	7	3	0	1	0	0	1	1	0	2	1	0	0	0	0	1	0	0	0
*	5p	-	1	84915	50488	38295	76874	250572	332	17735	679	201	179	480	115	349	143	381	57	220	0	0	0	0	0	0	0	0	0
*	5p	-	2	82520	40822	51273	75960	250575	277	3489	370	149	112	189	111	132	91	266	46	156	0	0	0	0	0	0	0	0	0
*	5p	-	3	80867	44057	53068	72592	250584	175	2104	259	145	80	87	67	86	68	112	32	93	0	0	0	0	0	1	0	0	0
*	5p	-	4	81428	46142	51948	71065	250583	131	1422	202	123	53	62	43	52	68	67	37	73	2	0	0	0	2	2	1	2	0
*	5p	-	5	81008	47551	50587	71327	250473	154	1122	218	149	56	53	44	60	59	54	36	95	11	4	4	4	24	28	30	36	0
*	5p	-	6	80158	48214	50143	71961	250476	162	897	200	124	61	31	34	35	41	57	34	91	12	6	8	9	29	28	26	33	0
*	5p	-	7	81418	47935	49685	71418	250456	138	762	192	133	51	46	33	48	49	54	30	91	12	12	7	8	34	38	24	39	0
*	5p	-	8	82219	47714	49249	71277	250459	147	644	189	113	50	34	48	53	44	44	36	85	14	14	11	6	39	30	31	34	0
*	5p	-	9	82287	48050	48971	71142	250450	136	548	167	133	66	38	40	42	51	49	38	93	13	12	13	15	30	34	38	42	0
*	5p	-	10	81270	47826	50070	71298	250464	148	540	161	146	43	27	28	44	59	45	37	91	15	16	10	16	39	38	31	22	0
*	5p	-	11	80738	48156	49428	72139	250461	148	511	148	132	59	43	37	48	51	44	46	88	13	21	10	9	39	29	37	28	0
*	5p	-	12	81045	48377	49384	71632	250438	139	528	160	125	58	47	31	44	38	51	36	82	20	18	10	8	48	37	36	35	0
*	5p	-	13	81017	48420	48541	72474	250452	110	466	149	122	52	55	32	47	44	51	39	103	25	15	9	16	38	29	44	31	0
*	5p	-	14	80330	48763	48600	72750	250443	142	513	138	142	64	51	27	47	43	43	39	99	25	22	11	14	40	41	34	36	0
*	5p	-	15	80349	48852	48531	72711	250443	146	507	165	136	67	55	37	37	42	43	35	91	31	18	14	11	42	36	30	43	0
*	5p	-	16	80290	48731	48904	72543	250468	129	517	159	143	59	48	28	47	47	48	28	88	27	14	9	10	37	44	22	23	0
*	5p	-	17	80537	48544	48852	72520	250453	151	538	142	145	41	52	35	37	40	42	45	98	35	25	10	17	47	39	25	30	0
*	5p	-	18	80026	48514	49295	72607	250442	134	541	155	143	43	49	37	48	37	37	27	82	31	18	11	12	55	38	28	31	0
*	5p	-	19	80375	48126	49085	72849	250435	152	491	160	126	49	35	34	39	40	54	41	85	49	32	15	12	46	45	33	35	0
*	5p	-	20	80597	48160	49019	72656	250432	134	532	159	158	47	43	19	43	39	46	35	106	39	26	15	15	50	50	38	24	0
*	5p	-	21	80316	48222	49215	72678	250431	123	518	139	144	54	44	24	40	42	39	35	91	42	42	12	13	59	40	37	27	0
*	5p	-	22	80631	48066	49260	72510	250467	163	565	146	129	42	44	31	63	35	36	32	74	36	29	12	15	49	33	25	20	0
*	5p	-	23	80762	47901	49024	72767	250454	136	580	170	125	63	44	35	43	46	49	43	84	47	34	12	14	37	40	33	30	0
*	5p	-	24	80698	48026	48974	72737	250435	143	549	162	159	43	41	33	45	56	36	45	99	43	24	13	16	56	45	26	31	0
*	5p	-	25	81207	47697	48964	72579	250447	143	608	173	141	61	50	38	45	31	40	29	110	44	28	8	9	57	41	21	27	0
*	5p	-	26	81652	47401	49144	72271	250468	148	600	171	151	54	52	38	43	50	35	32	97	36	23	11	13	48	42	15	20	0
*	5p	-	27	81834	46783	49517	72361	250495	132	646	157	142	46	41	34	40	49	56	33	94	34	22	9	11	36	33	11	15	0
*	5p	-	28	82116	46907	49784	71674	250481	131	679	160	145	57	55	27	48	61	58	37	76	39	24	5	11	42	34	17	16	0
*	5p	-	29	82048	47288	49413	71759	250508	181	1020	173	133	51	51	37	61	43	51	43	90	36	20	10	10	43	28	6	5	0
*	5p	-	30	82007	46889	49589	72025	250510	143	1955	160	129	60	75	41	59	51	52	34	112	29	21	6	5	40	28	5	6	0
*	5p	-	31	77412	44237	46315	68257	236221	150	1966	189	131	56	44	27	53	64	50	37	81	26	15	5	10	33	20	5	7	0
*	5p	-	32	72228	41647	43676	64043	221594	129	1992	158	107	37	36	29	50	52	49	39	59	22	17	4	8	28	25	4	8	0
*	5p	-	33	67696	38661	40741	60371	207469	128	2011	170	123	29	39	29	44	56	49	30	74	15	22	5	4	32	17	5	4	0
*	5p	-	34	63343	36012	37635	56554	193544	127	1933	110	86	48	33	27	47	23	37	31	55	16	20	1	6	26	17	5	7	0
*	5p	-	35	58263	33705	35324	52855	180147	119	1961	116	100	29	39	21	39	29	32	26	61	19	15	6	3	16	22	6	6	0
*	5p	-	36	54096	31249	32614	49019	166978	106	1910	117	94	29	38	38	40	34	33	22	67	17	20	5	2	18	14	4	7	0
*	5p	-	37	49728	28793	30163	45608	154292	92	1823	109	79	21	47	17	43	26	32	21	62	22	6	2	6	15	14	7	6	0
*	5p	-	38	46204	26579	27891	41814	142488	71	1815	110	85	29	25	9	28	29	27	18	61	12	16	4	6	16	10	1	6	0
*	5p	-	39	42398	24281	25464	38834	130977	80	1647	103	84	15	20	21	27	31	28	17	44	16	6	2	1	16	14	3	3	0
*	5p	-	40	38377	22384	23740	35783	120284	75	1526	96	70	21	18	15	37	24	32	24	39	7	7	2	4	10	11	2	4	0
*	5p	-	41	35111	20798	21856	32536	110301	77	1552	87	51	20	23	11	17	23	26	25	31	7	1	2	3	13	12	3	1	0
*	5p	-	42	32231	18873	19902	29927	100933	70	1524	97	54	19	19	12	21	17	24	15	50	8	8	1	3	17	9	0	1	0
*	5p	-	43	29412	17166	17911	27355	91844	71	1326	81	46	18	19	13	22	24	20	28	30	10	9	1	3	13	2	3	2	0
*	5p	-	44	26496	15597	16304	25171	83568	48	1220	79	39	15	22	10	26	15	19	19	33	9	4	2	1	11	7	1	4	0
*	5p	-	45	24055	14195	14922	22710	75882	51	1118	70	28	10	18	11	19	17	17	18	22	3	6	2	1	7	10	0	1	0
*	5p	-	46	21898	12757	13489	20679	68823	46	1048	52	38	15	14	5	14	12	22	12	17	4	4	3	0	3	1	1	3	0
*	5p	-	47	19512	11672	12280	18907	62371	35	935	55	34	14	16	15	18	11	19	9	13	2	1	1	2	9	7	1	2	0
*	5p	-	48	17541	10626	11103	17079	56349	26	881	42	30	5	10	5	22	11	17	9	17	5	4	1	0	5	7	0	4	0
*	5p	-	49	16101	9454	9976	15432	50963	33	788	43	22	10	12	9	10	8	11	6	9	3	3	1	2	5	9	0	2	0
*	5p	-	50	14316	8581	9124	14058	46079	29	742	44	17	8	4	5	9	7	12	9	15	1	3	1	1	7	7	0	0	0
*	5p	-	51	13075	7861	8151	12544	41631	23	689	41	24	1	10	4	9	7	12	5	12	0	1	1	1	1	3	1	1	0
*	5p	-	52	11610	7096	7347	11438	37491	23	612	26	18	9	2	4	13	4	6	2	11	1	2	0	1	0	4	0	1	0
*	5p	-	53	10584	6497	6553	10204	33838	15	562	27	14	10	4	2	7	2	9	7	10	0	5	0	1	1	3	2	0	0
*	5p	-	54	9523	5749	6077	9148	30497	14	451	20	14	5	6	7	5	6	8	4	10	2	4	2	0	2	3	0	0	0
*	5p	-	55	8558	5241	5322	8394	27515	21	453	25	17	5	6	2	10	2	4	4	12	1	3	0	0	3	4	0	0	0
*	5p	-	56	7767	4599	4954	7517	24837	13	385	25	7	5	5	5	7	3	5	10	7	0	1	1	1	2	3	1	0	0
*	5p	-	57	7009	4193	4435	6753	22390	15	365	20	11	6	6	2	6	6	6	5	7	0	2	0	1	3	4	0	1	0
*	5p	-	58	6231	3805	4061	6230	20327	9	341	18	11	1	7	1	5	1	4	2	8	1	2	0	0	3	1	1	1	0
*	5p	-	59	5667	3380	3687	5603	18337	7	292	17	10	4	3	0	5	6	4	1	8	0	0	1	0	3	2	1	0	0
*	5p	-	60	5149	3094	3319	5030	16592	12	231	10	6	7	5	1	0	1	2	1	4	0	3	0	0	1	1	0	0	0
*	5p	-	61	4638	2800	3006	4558	15002	6	253	8	10	3	2	3	4	3	5	3	2	1	2	0	0	0	0	0	0	0
*	5p	-	62	4134	2663	2638	4104	13539	5	220	13	8	2	3	1	3	5	2	0	7	0	1	0	0	1	0	0	1	0
*	5p	-	63	3772	2323	2434	3756	12285	7	194	13	6	3	2	0	1	2	6	1	5	0	2	1	1	0	1	0	0	0
*	5p	-	64	3446	2116	2227	3386	11175	9	183	12	5	5	1	1	2	2	2	1	9	0	0	0	0	1	2	0	1	0
*	5p	-	65	3055	1885	2083	3091	10114	8	154	11	4	5	2	4	0	2	2	1	3	1	0	0	0	0	2	2	0	0
*	5p	-	66	2829	1728	1852	2726	9135	7	126	9	6	1	3	1	3	2	1	2	2	1	0	0	0	3	4	0	0	0
*	5p	-	67	2602	1567	1626	2491	8286	8	132	6	3	3	2	2	1	3	3	2	4	0	0	1	0	2	2	0	1	0
*	5p	-	68	2411	1418	1437	2202	7468	2	109	6	5	0	0	2	2	2	0	2	8	1	0	1	0	2	1	1	0	0
*	5p	-	69	2064	1276	1349	2089	6778	2	98	4	4	4	2	1	4	1	2	1	3	2	0	0	0	2	1	0	1	0
*	5p	-	70	1901	1215	1202	1855	6173	3	94	6	3	1	2	0	2	0	5	2	4	0	1	1	1	2	2	0	0	0
